 18.959524, 6.469665, 3.5957718
 19.082108, 5.6252036, 2.1792557
 16.86199, 7.1234417, 5.6660647
 13.211738, 7.014479, 1.7297841
 9.847511, 5.284695, 1.7297841
 5.8976107, 5.366417, -0.08172209
 2.7921712, 5.325556, -0.3405087
 -0.88532263, 6.742072, -0.10896278
 -3.173541, 7.164303, -1.3075534
 -3.568531, 7.7772183, -0.61291564
 -3.568531, 8.008764, -0.10896278
 -3.0237172, 8.281172, 0.3405087
 -1.920469, 8.812365, 0.7627395
 -0.5720546, 9.384419, 0.7627395
 0.19068487, 9.915613, 0.95342433
 0.6537767, 10.147159, 0.7627395
 0.5720546, 10.228881, 0.50395286
 0.23154591, 9.956474, 0.27240697
 -0.040861044, 9.697687, 0.23154591
 -0.38136974, 9.466142, 0.10896278
 -0.42223078, 9.466142, 0.3405087
 -0.50395286, 9.466142, 0.46309182
 -0.6946377, 9.466142, 0.50395286
 -1.1849703, 9.152874, 0.53119355
 -2.2201166, 8.62168, 0.3405087
 -3.5957718, 7.8180795, 0.040861044
 -5.134871, 6.782933, -0.14982383
 -5.7886477, 5.829509, -0.61291564
 -2.7240696, 4.2086873, -0.95342433
 1.920469, 2.6014864, 0.313268
 9.615966, 3.1054392, 2.5333846
 15.6634, 6.2108784, 2.5333846
 17.502148, 6.5922484, 1.1168685
 17.270601, 5.938472, 1.9885708
 16.698545, 7.0553403, 2.8738933
 14.056199, 6.1700177, 0.84446156
 10.310603, 5.325556, 0.46309182
 7.8180795, 5.706926, 0.19068487
 5.7886477, 5.7477865, -0.6946377
 3.568531, 6.4015636, -0.8036005
 0.7627395, 7.246025, -0.29964766
 -0.5720546, 8.049625, -0.0
 -0.88532263, 8.349273, 0.42223078
 -0.7627395, 8.390134, 0.6946377
 -0.50395286, 8.689782, 0.95342433
 0.10896278, 9.193735, 1.1441092
 0.50395286, 9.507003, 1.0760075
 0.7627395, 9.765789, 1.1441092
 0.7627395, 9.80665, 0.88532263
 0.95342433, 9.656827, 0.6946377
 0.84446156, 9.697687, 0.6537767
 0.6946377, 9.697687, 0.3405087
 0.42223078, 9.615966, 0.14982383
 0.3405087, 9.656827, 0.19068487
 0.23154591, 9.615966, 0.14982383
 0.14982383, 9.466142, 0.27240697
 0.10896278, 9.507003, 0.38136974
 -0.3405087, 9.275456, 0.27240697
 -1.1441092, 8.921328, 0.38136974
 -1.7570249, 8.281172, 0.313268
 -1.9477097, 8.049625, 0.313268
 -1.920469, 7.8180795, 0.53119355
 -1.607201, 7.164303, 0.38136974
 -0.23154591, 5.7477865, -0.29964766
 2.3426998, 3.173541, 0.53119355
 9.656827, 2.070293, 3.336985
 18.155924, 6.891896, 4.440233
 17.502148, 5.6252036, 1.8387469
 15.785983, 6.1700177, 5.134871
 14.246883, 5.6252036, 4.440233
 11.34575, 5.243834, 1.1441092
 8.62168, 4.2495484, 0.7627395
 4.440233, 5.597963, 0.23154591
 2.2609777, 7.164303, -0.50395286
 0.6946377, 7.5456724, -0.29964766
 -0.50395286, 7.7772183, -0.0
 -0.6537767, 8.008764, 0.53119355
 -0.19068487, 8.662541, 0.84446156
 0.95342433, 9.275456, 1.0760075
 1.7297841, 9.534244, 1.0760075
 2.2609777, 9.847511, 1.2666923
 2.3426998, 9.724928, 0.92618364
 2.1792557, 9.656827, 0.6946377
 1.7978859, 9.575105, 0.53119355
 0.92618364, 9.425281, 0.313268
 -0.0, 9.152874, 0.08172209
 -1.2258313, 8.62168, -0.040861044
 -2.6423476, 7.7772183, -0.14982383
 -4.2904096, 6.510526, -0.040861044
 -4.8216033, 4.944186, -0.84446156
 0.10896278, 2.0294318, -0.9125633
 9.956474, 1.1168685, 3.5957718
 18.619015, 7.1234417, 2.2609777
 17.692831, 6.6331096, 4.099725
 15.636159, 7.1234417, 4.862464
 12.912089, 6.0882955, 1.879608
 11.264028, 6.1700177, 1.56634
 9.193735, 5.134871, 1.607201
 6.238119, 5.434519, 0.3405087
 3.173541, 7.246025, -0.29964766
 0.50395286, 6.782933, -0.23154591
 -2.3018389, 6.973618, -0.27240697
 -3.0645783, 7.164303, -0.14982383
 -3.3642259, 7.43671, 0.10896278
 -2.6014864, 7.9270425, 0.46309182
 0.23154591, 8.921328, 0.92618364
 2.9556155, 10.378705, 1.607201
 4.399372, 11.032481, 1.8387469
 4.140586, 10.95076, 1.2258313
 2.982856, 10.18802, 0.8036005
 1.5390993, 9.466142, 0.3405087
 -0.08172209, 9.384419, 0.14982383
 -1.2666923, 8.962189, 0.42223078
 -3.0237172, 7.8589406, 0.61291564
 -5.09401, 6.5513873, 0.53119355
 -6.3607025, 4.671779, -0.14982383
 -0.9942854, -0.19068487, 0.92618364
 7.7772183, 4.0180025, 4.140586
 13.211738, 6.2108784, 4.7126403
 17.161638, 4.0588636, 10.119919
 18.04696, 6.3607025, 11.413852
 14.941522, 6.3198414, 8.158588
 11.264028, 5.407278, 3.9499009
 8.308413, 4.5628166, 1.607201
 4.903325, 5.09401, 1.1168685
 1.6889231, 6.2108784, 1.1441092
 -0.7627395, 6.5922484, 0.38136974
 -2.1383946, 7.668256, -0.14982383
 -2.5606253, 7.7772183, -0.0
 -1.9885708, 8.076866, 0.7627395
 -0.5720546, 8.962189, 0.84446156
 0.38136974, 9.507003, 1.1168685
 1.1441092, 9.997335, 1.2666923
 1.6480621, 10.147159, 0.88532263
 1.56634, 9.997335, 0.7627395
 1.334794, 9.80665, 0.46309182
 0.8036005, 9.697687, 0.23154591
 -0.08172209, 9.466142, -0.08172209
 -1.1441092, 8.894087, -0.040861044
 -3.173541, 7.8180795, -0.27240697
 -5.7477865, 6.5922484, -0.84446156
 -5.7886477, 4.944186, -1.525479
 -0.08172209, 1.1168685, -0.29964766
 5.9793324, 1.1849703, 1.6889231
 15.472715, 4.7943625, 5.2165933
 19.504337, 5.829509, 5.2165933
 18.8097, 4.944186, 4.862464
 17.352324, 7.3141265, 5.9793324
 14.410328, 6.742072, 4.440233
 10.923519, 3.759216, 1.334794
 7.3141265, 5.09401, 0.53119355
 4.5628166, 5.243834, 0.38136974
 1.4165162, 6.782933, 0.38136974
 -0.53119355, 7.273266, -0.14982383
 -2.1792557, 7.3958488, -0.6537767
 -2.8330324, 7.504812, -0.10896278
 -2.2609777, 7.6954966, 0.46309182
 -0.46309182, 8.853226, 0.7218784
 1.1168685, 9.507003, 1.3756552
 2.4925237, 10.18802, 1.7570249
 3.336985, 10.269742, 1.4573772
 3.9499009, 10.501288, 1.607201
 3.718355, 10.419566, 1.4573772
 1.6889231, 9.765789, 0.6537767
 -0.040861044, 9.234595, 0.23154591
 -1.920469, 8.281172, -0.14982383
 -4.0588636, 7.164303, -1.0351465
 -7.273266, 5.6252036, -1.7978859
 -8.008764, 3.336985, -2.7513103
 0.6946377, -3.255263, 0.5720546
 16.930092, 4.0588636, 4.399372
 19.57244, 7.1234417, 1.56634
 19.57244, 6.2789803, 3.1463003
 17.393185, 8.471856, 4.630918
 13.443283, 5.938472, 1.1849703
 9.343558, 4.7535014, -0.23154591
 5.284695, 3.990762, 0.040861044
 0.6537767, 4.944186, -0.8036005
 -1.6480621, 7.8589406, -0.5720546
 0.7218784, 8.812365, -0.10896278
 2.9556155, 9.112013, 0.6946377
 4.8216033, 10.269742, 1.3075534
 5.09401, 10.841797, 0.8036005
 3.636633, 10.310603, 0.5720546
 1.9885708, 9.425281, 0.313268
 0.95342433, 8.812365, 0.08172209
 0.5720546, 9.043911, 0.10896278
 -0.08172209, 9.193735, 0.08172209
 -1.1168685, 8.539958, 0.14982383
 -3.5276701, 7.1234417, -0.040861044
 -6.782933, 5.325556, -1.0351465
 -7.3141265, 2.3699405, -2.3018389
 -1.1849703, 0.46309182, -0.6537767
 12.258313, -0.23154591, 5.09401
 19.504337, 7.6954966, 4.3312707
 19.531578, 7.014479, 3.0237172
 17.311462, 8.771504, 6.8237944
 13.33432, 7.668256, 2.2201166
 10.228881, 4.862464, 1.0351465
 5.2165933, 5.243834, 0.6537767
 2.070293, 6.0474343, -0.42223078
 -0.9125633, 6.0882955, -0.0
 -3.8681788, 7.3141265, -0.42223078
 -4.0180025, 6.701211, -0.50395286
 -1.9885708, 7.8861814, 0.313268
 1.7978859, 9.302697, 1.1168685
 5.175732, 11.141444, 1.7570249
 5.134871, 11.958665, 1.8387469
 2.9147544, 10.95076, 1.1441092
 1.1168685, 9.656827, 0.27240697
 -0.46309182, 8.499097, -0.08172209
 -1.6480621, 8.240311, -0.23154591
 -2.7921712, 8.008764, -0.29964766
 -3.405087, 7.668256, -0.19068487
 -4.372132, 6.701211, 0.23154591
 -5.284695, 5.8567495, 0.14982383
 -4.5628166, 5.9793324, -0.84446156
 -0.23154591, 5.09401, -0.38136974
 4.372132, 2.6832085, 1.607201
 17.583868, 6.8237944, 8.049625
 18.578154, 8.049625, 1.7978859
 16.167353, 9.575105, 6.2789803
 12.4489975, 8.390134, 5.597963
 9.724928, 6.5922484, 1.4165162
 6.0201936, 4.099725, 1.4573772
 0.23154591, 5.597963, 0.38136974
 -1.9477097, 6.8237944, -0.23154591
 -3.173541, 7.246025, -0.84446156
 -3.7864566, 7.7772183, -0.5720546
 -3.445948, 8.076866, 0.3405087
 -2.1792557, 8.390134, 0.7627395
 -0.6537767, 9.043911, 1.0760075
 0.3405087, 9.534244, 1.607201
 1.3075534, 10.079058, 1.56634
 1.920469, 10.18802, 1.3075534
