
R version 2.8.1 (2008-12-22)
Copyright (C) 2008 The R Foundation for Statistical Computing
ISBN 3-900051-07-0

R is free software and comes with ABSOLUTELY NO WARRANTY.
You are welcome to redistribute it under certain conditions.
Type 'license()' or 'licence()' for distribution details.

  Natural language support but running in an English locale

R is a collaborative project with many contributors.
Type 'contributors()' for more information and
'citation()' on how to cite R or R packages in publications.

Type 'demo()' for some demos, 'help()' for on-line help, or
'help.start()' for an HTML browser interface to help.
Type 'q()' to quit R.

> options(STERM='iESS', editor='emacsclient')
> d <- read.table('data')
> d
               V1           V2          V3
1      18.959524,    6.469665,  3.59577180
2      19.082108,   5.6252036,  2.17925570
3       16.86199,   7.1234417,  5.66606470
4      13.211738,    7.014479,  1.72978410
5       9.847511,    5.284695,  1.72978410
6      5.8976107,    5.366417, -0.08172209
7      2.7921712,    5.325556, -0.34050870
8    -0.88532263,    6.742072, -0.10896278
9      -3.173541,    7.164303, -1.30755340
10     -3.568531,   7.7772183, -0.61291564
11     -3.568531,    8.008764, -0.10896278
12    -3.0237172,    8.281172,  0.34050870
13     -1.920469,    8.812365,  0.76273950
14    -0.5720546,    9.384419,  0.76273950
15    0.19068487,    9.915613,  0.95342433
16     0.6537767,   10.147159,  0.76273950
17     0.5720546,   10.228881,  0.50395286
18    0.23154591,    9.956474,  0.27240697
19  -0.040861044,    9.697687,  0.23154591
20   -0.38136974,    9.466142,  0.10896278
21   -0.42223078,    9.466142,  0.34050870
22   -0.50395286,    9.466142,  0.46309182
23    -0.6946377,    9.466142,  0.50395286
24    -1.1849703,    9.152874,  0.53119355
25    -2.2201166,     8.62168,  0.34050870
26    -3.5957718,   7.8180795,  0.04086104
27     -5.134871,    6.782933, -0.14982383
28    -5.7886477,    5.829509, -0.61291564
29    -2.7240696,   4.2086873, -0.95342433
30      1.920469,   2.6014864,  0.31326800
31      9.615966,   3.1054392,  2.53338460
32       15.6634,   6.2108784,  2.53338460
33     17.502148,   6.5922484,  1.11686850
34     17.270601,    5.938472,  1.98857080
35     16.698545,   7.0553403,  2.87389330
36     14.056199,   6.1700177,  0.84446156
37     10.310603,    5.325556,  0.46309182
38     7.8180795,    5.706926,  0.19068487
39     5.7886477,   5.7477865, -0.69463770
40      3.568531,   6.4015636, -0.80360050
41     0.7627395,    7.246025, -0.29964766
42    -0.5720546,    8.049625,  0.00000000
43   -0.88532263,    8.349273,  0.42223078
44    -0.7627395,    8.390134,  0.69463770
45   -0.50395286,    8.689782,  0.95342433
46    0.10896278,    9.193735,  1.14410920
47    0.50395286,    9.507003,  1.07600750
48     0.7627395,    9.765789,  1.14410920
49     0.7627395,     9.80665,  0.88532263
50    0.95342433,    9.656827,  0.69463770
51    0.84446156,    9.697687,  0.65377670
52     0.6946377,    9.697687,  0.34050870
53    0.42223078,    9.615966,  0.14982383
54     0.3405087,    9.656827,  0.19068487
55    0.23154591,    9.615966,  0.14982383
56    0.14982383,    9.466142,  0.27240697
57    0.10896278,    9.507003,  0.38136974
58    -0.3405087,    9.275456,  0.27240697
59    -1.1441092,    8.921328,  0.38136974
60    -1.7570249,    8.281172,  0.31326800
61    -1.9477097,    8.049625,  0.31326800
62     -1.920469,   7.8180795,  0.53119355
63     -1.607201,    7.164303,  0.38136974
64   -0.23154591,   5.7477865, -0.29964766
65     2.3426998,    3.173541,  0.53119355
66      9.656827,    2.070293,  3.33698500
67     18.155924,    6.891896,  4.44023300
68     17.502148,   5.6252036,  1.83874690
69     15.785983,   6.1700177,  5.13487100
70     14.246883,   5.6252036,  4.44023300
71      11.34575,    5.243834,  1.14410920
72       8.62168,   4.2495484,  0.76273950
73      4.440233,    5.597963,  0.23154591
74     2.2609777,    7.164303, -0.50395286
75     0.6946377,   7.5456724, -0.29964766
76   -0.50395286,   7.7772183,  0.00000000
77    -0.6537767,    8.008764,  0.53119355
78   -0.19068487,    8.662541,  0.84446156
79    0.95342433,    9.275456,  1.07600750
80     1.7297841,    9.534244,  1.07600750
81     2.2609777,    9.847511,  1.26669230
82     2.3426998,    9.724928,  0.92618364
83     2.1792557,    9.656827,  0.69463770
84     1.7978859,    9.575105,  0.53119355
85    0.92618364,    9.425281,  0.31326800
86          -0.0,    9.152874,  0.08172209
87    -1.2258313,     8.62168, -0.04086104
88    -2.6423476,   7.7772183, -0.14982383
89    -4.2904096,    6.510526, -0.04086104
90    -4.8216033,    4.944186, -0.84446156
91    0.10896278,   2.0294318, -0.91256330
92      9.956474,   1.1168685,  3.59577180
93     18.619015,   7.1234417,  2.26097770
94     17.692831,   6.6331096,  4.09972500
95     15.636159,   7.1234417,  4.86246400
96     12.912089,   6.0882955,  1.87960800
97     11.264028,   6.1700177,  1.56634000
98      9.193735,    5.134871,  1.60720100
99      6.238119,    5.434519,  0.34050870
100     3.173541,    7.246025, -0.29964766
101   0.50395286,    6.782933, -0.23154591
102   -2.3018389,    6.973618, -0.27240697
103   -3.0645783,    7.164303, -0.14982383
104   -3.3642259,     7.43671,  0.10896278
105   -2.6014864,   7.9270425,  0.46309182
106   0.23154591,    8.921328,  0.92618364
107    2.9556155,   10.378705,  1.60720100
108     4.399372,   11.032481,  1.83874690
109     4.140586,    10.95076,  1.22583130
110     2.982856,    10.18802,  0.80360050
111    1.5390993,    9.466142,  0.34050870
112  -0.08172209,    9.384419,  0.14982383
113   -1.2666923,    8.962189,  0.42223078
114   -3.0237172,   7.8589406,  0.61291564
115     -5.09401,   6.5513873,  0.53119355
116   -6.3607025,    4.671779, -0.14982383
117   -0.9942854, -0.19068487,  0.92618364
118    7.7772183,   4.0180025,  4.14058600
119    13.211738,   6.2108784,  4.71264030
120    17.161638,   4.0588636, 10.11991900
121     18.04696,   6.3607025, 11.41385200
122    14.941522,   6.3198414,  8.15858800
123    11.264028,    5.407278,  3.94990090
124     8.308413,   4.5628166,  1.60720100
125     4.903325,     5.09401,  1.11686850
126    1.6889231,   6.2108784,  1.14410920
127   -0.7627395,   6.5922484,  0.38136974
128   -2.1383946,    7.668256, -0.14982383
129   -2.5606253,   7.7772183,  0.00000000
130   -1.9885708,    8.076866,  0.76273950
131   -0.5720546,    8.962189,  0.84446156
132   0.38136974,    9.507003,  1.11686850
133    1.1441092,    9.997335,  1.26669230
134    1.6480621,   10.147159,  0.88532263
135      1.56634,    9.997335,  0.76273950
136     1.334794,     9.80665,  0.46309182
137    0.8036005,    9.697687,  0.23154591
138  -0.08172209,    9.466142, -0.08172209
139   -1.1441092,    8.894087, -0.04086104
140    -3.173541,   7.8180795, -0.27240697
141   -5.7477865,   6.5922484, -0.84446156
142   -5.7886477,    4.944186, -1.52547900
143  -0.08172209,   1.1168685, -0.29964766
144    5.9793324,   1.1849703,  1.68892310
145    15.472715,   4.7943625,  5.21659330
146    19.504337,    5.829509,  5.21659330
147      18.8097,    4.944186,  4.86246400
148    17.352324,   7.3141265,  5.97933240
149    14.410328,    6.742072,  4.44023300
150    10.923519,    3.759216,  1.33479400
151    7.3141265,     5.09401,  0.53119355
152    4.5628166,    5.243834,  0.38136974
153    1.4165162,    6.782933,  0.38136974
154  -0.53119355,    7.273266, -0.14982383
155   -2.1792557,   7.3958488, -0.65377670
156   -2.8330324,    7.504812, -0.10896278
157   -2.2609777,   7.6954966,  0.46309182
158  -0.46309182,    8.853226,  0.72187840
159    1.1168685,    9.507003,  1.37565520
160    2.4925237,    10.18802,  1.75702490
161     3.336985,   10.269742,  1.45737720
162    3.9499009,   10.501288,  1.60720100
163     3.718355,   10.419566,  1.45737720
164    1.6889231,    9.765789,  0.65377670
165 -0.040861044,    9.234595,  0.23154591
166    -1.920469,    8.281172, -0.14982383
167   -4.0588636,    7.164303, -1.03514650
168    -7.273266,   5.6252036, -1.79788590
169    -8.008764,    3.336985, -2.75131030
170    0.6946377,   -3.255263,  0.57205460
171    16.930092,   4.0588636,  4.39937200
172     19.57244,   7.1234417,  1.56634000
173     19.57244,   6.2789803,  3.14630030
174    17.393185,    8.471856,  4.63091800
175    13.443283,    5.938472,  1.18497030
176     9.343558,   4.7535014, -0.23154591
177     5.284695,    3.990762,  0.04086104
178    0.6537767,    4.944186, -0.80360050
179   -1.6480621,   7.8589406, -0.57205460
180    0.7218784,    8.812365, -0.10896278
181    2.9556155,    9.112013,  0.69463770
182    4.8216033,   10.269742,  1.30755340
183      5.09401,   10.841797,  0.80360050
184     3.636633,   10.310603,  0.57205460
185    1.9885708,    9.425281,  0.31326800
186   0.95342433,    8.812365,  0.08172209
187    0.5720546,    9.043911,  0.10896278
188  -0.08172209,    9.193735,  0.08172209
189   -1.1168685,    8.539958,  0.14982383
190   -3.5276701,   7.1234417, -0.04086104
191    -6.782933,    5.325556, -1.03514650
192   -7.3141265,   2.3699405, -2.30183890
193   -1.1849703,  0.46309182, -0.65377670
194    12.258313, -0.23154591,  5.09401000
195    19.504337,   7.6954966,  4.33127070
196    19.531578,    7.014479,  3.02371720
197    17.311462,    8.771504,  6.82379440
198     13.33432,    7.668256,  2.22011660
199    10.228881,    4.862464,  1.03514650
200    5.2165933,    5.243834,  0.65377670
201     2.070293,   6.0474343, -0.42223078
202   -0.9125633,   6.0882955,  0.00000000
203   -3.8681788,   7.3141265, -0.42223078
204   -4.0180025,    6.701211, -0.50395286
205   -1.9885708,   7.8861814,  0.31326800
206    1.7978859,    9.302697,  1.11686850
207     5.175732,   11.141444,  1.75702490
208     5.134871,   11.958665,  1.83874690
209    2.9147544,    10.95076,  1.14410920
210    1.1168685,    9.656827,  0.27240697
211  -0.46309182,    8.499097, -0.08172209
212   -1.6480621,    8.240311, -0.23154591
213   -2.7921712,    8.008764, -0.29964766
214    -3.405087,    7.668256, -0.19068487
215    -4.372132,    6.701211,  0.23154591
216    -5.284695,   5.8567495,  0.14982383
217   -4.5628166,   5.9793324, -0.84446156
218  -0.23154591,     5.09401, -0.38136974
219     4.372132,   2.6832085,  1.60720100
220    17.583868,   6.8237944,  8.04962500
221    18.578154,    8.049625,  1.79788590
222    16.167353,    9.575105,  6.27898030
223   12.4489975,    8.390134,  5.59796300
224     9.724928,   6.5922484,  1.41651620
225    6.0201936,    4.099725,  1.45737720
226   0.23154591,    5.597963,  0.38136974
227   -1.9477097,   6.8237944, -0.23154591
228    -3.173541,    7.246025, -0.84446156
229   -3.7864566,   7.7772183, -0.57205460
230    -3.445948,    8.076866,  0.34050870
231   -2.1792557,    8.390134,  0.76273950
232   -0.6537767,    9.043911,  1.07600750
233    0.3405087,    9.534244,  1.60720100
234    1.3075534,   10.079058,  1.56634000
235     1.920469,    10.18802,  1.30755340
> plot(d$1)
Error: unexpected numeric constant in "plot(d$1"
> plot(d$V1)
> plot(d$V2)
> d <- read.csv('data')
> d
     X18.959524  X6.469665  X3.5957718
1   19.08210800  5.6252036  2.17925570
2   16.86199000  7.1234417  5.66606470
3   13.21173800  7.0144790  1.72978410
4    9.84751100  5.2846950  1.72978410
5    5.89761070  5.3664170 -0.08172209
6    2.79217120  5.3255560 -0.34050870
7   -0.88532263  6.7420720 -0.10896278
8   -3.17354100  7.1643030 -1.30755340
9   -3.56853100  7.7772183 -0.61291564
10  -3.56853100  8.0087640 -0.10896278
11  -3.02371720  8.2811720  0.34050870
12  -1.92046900  8.8123650  0.76273950
13  -0.57205460  9.3844190  0.76273950
14   0.19068487  9.9156130  0.95342433
15   0.65377670 10.1471590  0.76273950
16   0.57205460 10.2288810  0.50395286
17   0.23154591  9.9564740  0.27240697
18  -0.04086104  9.6976870  0.23154591
19  -0.38136974  9.4661420  0.10896278
20  -0.42223078  9.4661420  0.34050870
21  -0.50395286  9.4661420  0.46309182
22  -0.69463770  9.4661420  0.50395286
23  -1.18497030  9.1528740  0.53119355
24  -2.22011660  8.6216800  0.34050870
25  -3.59577180  7.8180795  0.04086104
26  -5.13487100  6.7829330 -0.14982383
27  -5.78864770  5.8295090 -0.61291564
28  -2.72406960  4.2086873 -0.95342433
29   1.92046900  2.6014864  0.31326800
30   9.61596600  3.1054392  2.53338460
31  15.66340000  6.2108784  2.53338460
32  17.50214800  6.5922484  1.11686850
33  17.27060100  5.9384720  1.98857080
34  16.69854500  7.0553403  2.87389330
35  14.05619900  6.1700177  0.84446156
36  10.31060300  5.3255560  0.46309182
37   7.81807950  5.7069260  0.19068487
38   5.78864770  5.7477865 -0.69463770
39   3.56853100  6.4015636 -0.80360050
40   0.76273950  7.2460250 -0.29964766
41  -0.57205460  8.0496250  0.00000000
42  -0.88532263  8.3492730  0.42223078
43  -0.76273950  8.3901340  0.69463770
44  -0.50395286  8.6897820  0.95342433
45   0.10896278  9.1937350  1.14410920
46   0.50395286  9.5070030  1.07600750
47   0.76273950  9.7657890  1.14410920
48   0.76273950  9.8066500  0.88532263
49   0.95342433  9.6568270  0.69463770
50   0.84446156  9.6976870  0.65377670
51   0.69463770  9.6976870  0.34050870
52   0.42223078  9.6159660  0.14982383
53   0.34050870  9.6568270  0.19068487
54   0.23154591  9.6159660  0.14982383
55   0.14982383  9.4661420  0.27240697
56   0.10896278  9.5070030  0.38136974
57  -0.34050870  9.2754560  0.27240697
58  -1.14410920  8.9213280  0.38136974
59  -1.75702490  8.2811720  0.31326800
60  -1.94770970  8.0496250  0.31326800
61  -1.92046900  7.8180795  0.53119355
62  -1.60720100  7.1643030  0.38136974
63  -0.23154591  5.7477865 -0.29964766
64   2.34269980  3.1735410  0.53119355
65   9.65682700  2.0702930  3.33698500
66  18.15592400  6.8918960  4.44023300
67  17.50214800  5.6252036  1.83874690
68  15.78598300  6.1700177  5.13487100
69  14.24688300  5.6252036  4.44023300
70  11.34575000  5.2438340  1.14410920
71   8.62168000  4.2495484  0.76273950
72   4.44023300  5.5979630  0.23154591
73   2.26097770  7.1643030 -0.50395286
74   0.69463770  7.5456724 -0.29964766
75  -0.50395286  7.7772183  0.00000000
76  -0.65377670  8.0087640  0.53119355
77  -0.19068487  8.6625410  0.84446156
78   0.95342433  9.2754560  1.07600750
79   1.72978410  9.5342440  1.07600750
80   2.26097770  9.8475110  1.26669230
81   2.34269980  9.7249280  0.92618364
82   2.17925570  9.6568270  0.69463770
83   1.79788590  9.5751050  0.53119355
84   0.92618364  9.4252810  0.31326800
85   0.00000000  9.1528740  0.08172209
86  -1.22583130  8.6216800 -0.04086104
87  -2.64234760  7.7772183 -0.14982383
88  -4.29040960  6.5105260 -0.04086104
89  -4.82160330  4.9441860 -0.84446156
90   0.10896278  2.0294318 -0.91256330
91   9.95647400  1.1168685  3.59577180
92  18.61901500  7.1234417  2.26097770
93  17.69283100  6.6331096  4.09972500
94  15.63615900  7.1234417  4.86246400
95  12.91208900  6.0882955  1.87960800
96  11.26402800  6.1700177  1.56634000
97   9.19373500  5.1348710  1.60720100
98   6.23811900  5.4345190  0.34050870
99   3.17354100  7.2460250 -0.29964766
100  0.50395286  6.7829330 -0.23154591
101 -2.30183890  6.9736180 -0.27240697
102 -3.06457830  7.1643030 -0.14982383
103 -3.36422590  7.4367100  0.10896278
104 -2.60148640  7.9270425  0.46309182
105  0.23154591  8.9213280  0.92618364
106  2.95561550 10.3787050  1.60720100
107  4.39937200 11.0324810  1.83874690
108  4.14058600 10.9507600  1.22583130
109  2.98285600 10.1880200  0.80360050
110  1.53909930  9.4661420  0.34050870
111 -0.08172209  9.3844190  0.14982383
112 -1.26669230  8.9621890  0.42223078
113 -3.02371720  7.8589406  0.61291564
114 -5.09401000  6.5513873  0.53119355
115 -6.36070250  4.6717790 -0.14982383
116 -0.99428540 -0.1906849  0.92618364
117  7.77721830  4.0180025  4.14058600
118 13.21173800  6.2108784  4.71264030
119 17.16163800  4.0588636 10.11991900
120 18.04696000  6.3607025 11.41385200
121 14.94152200  6.3198414  8.15858800
122 11.26402800  5.4072780  3.94990090
123  8.30841300  4.5628166  1.60720100
124  4.90332500  5.0940100  1.11686850
125  1.68892310  6.2108784  1.14410920
126 -0.76273950  6.5922484  0.38136974
127 -2.13839460  7.6682560 -0.14982383
128 -2.56062530  7.7772183  0.00000000
129 -1.98857080  8.0768660  0.76273950
130 -0.57205460  8.9621890  0.84446156
131  0.38136974  9.5070030  1.11686850
132  1.14410920  9.9973350  1.26669230
133  1.64806210 10.1471590  0.88532263
134  1.56634000  9.9973350  0.76273950
135  1.33479400  9.8066500  0.46309182
136  0.80360050  9.6976870  0.23154591
137 -0.08172209  9.4661420 -0.08172209
138 -1.14410920  8.8940870 -0.04086104
139 -3.17354100  7.8180795 -0.27240697
140 -5.74778650  6.5922484 -0.84446156
141 -5.78864770  4.9441860 -1.52547900
142 -0.08172209  1.1168685 -0.29964766
143  5.97933240  1.1849703  1.68892310
144 15.47271500  4.7943625  5.21659330
145 19.50433700  5.8295090  5.21659330
146 18.80970000  4.9441860  4.86246400
147 17.35232400  7.3141265  5.97933240
148 14.41032800  6.7420720  4.44023300
149 10.92351900  3.7592160  1.33479400
150  7.31412650  5.0940100  0.53119355
151  4.56281660  5.2438340  0.38136974
152  1.41651620  6.7829330  0.38136974
153 -0.53119355  7.2732660 -0.14982383
154 -2.17925570  7.3958488 -0.65377670
155 -2.83303240  7.5048120 -0.10896278
156 -2.26097770  7.6954966  0.46309182
157 -0.46309182  8.8532260  0.72187840
158  1.11686850  9.5070030  1.37565520
159  2.49252370 10.1880200  1.75702490
160  3.33698500 10.2697420  1.45737720
161  3.94990090 10.5012880  1.60720100
162  3.71835500 10.4195660  1.45737720
163  1.68892310  9.7657890  0.65377670
164 -0.04086104  9.2345950  0.23154591
165 -1.92046900  8.2811720 -0.14982383
166 -4.05886360  7.1643030 -1.03514650
167 -7.27326600  5.6252036 -1.79788590
168 -8.00876400  3.3369850 -2.75131030
169  0.69463770 -3.2552630  0.57205460
170 16.93009200  4.0588636  4.39937200
171 19.57244000  7.1234417  1.56634000
172 19.57244000  6.2789803  3.14630030
173 17.39318500  8.4718560  4.63091800
174 13.44328300  5.9384720  1.18497030
175  9.34355800  4.7535014 -0.23154591
176  5.28469500  3.9907620  0.04086104
177  0.65377670  4.9441860 -0.80360050
178 -1.64806210  7.8589406 -0.57205460
179  0.72187840  8.8123650 -0.10896278
180  2.95561550  9.1120130  0.69463770
181  4.82160330 10.2697420  1.30755340
182  5.09401000 10.8417970  0.80360050
183  3.63663300 10.3106030  0.57205460
184  1.98857080  9.4252810  0.31326800
185  0.95342433  8.8123650  0.08172209
186  0.57205460  9.0439110  0.10896278
187 -0.08172209  9.1937350  0.08172209
188 -1.11686850  8.5399580  0.14982383
189 -3.52767010  7.1234417 -0.04086104
190 -6.78293300  5.3255560 -1.03514650
191 -7.31412650  2.3699405 -2.30183890
192 -1.18497030  0.4630918 -0.65377670
193 12.25831300 -0.2315459  5.09401000
194 19.50433700  7.6954966  4.33127070
195 19.53157800  7.0144790  3.02371720
196 17.31146200  8.7715040  6.82379440
197 13.33432000  7.6682560  2.22011660
198 10.22888100  4.8624640  1.03514650
199  5.21659330  5.2438340  0.65377670
200  2.07029300  6.0474343 -0.42223078
201 -0.91256330  6.0882955  0.00000000
202 -3.86817880  7.3141265 -0.42223078
203 -4.01800250  6.7012110 -0.50395286
204 -1.98857080  7.8861814  0.31326800
205  1.79788590  9.3026970  1.11686850
206  5.17573200 11.1414440  1.75702490
207  5.13487100 11.9586650  1.83874690
208  2.91475440 10.9507600  1.14410920
209  1.11686850  9.6568270  0.27240697
210 -0.46309182  8.4990970 -0.08172209
211 -1.64806210  8.2403110 -0.23154591
212 -2.79217120  8.0087640 -0.29964766
213 -3.40508700  7.6682560 -0.19068487
214 -4.37213200  6.7012110  0.23154591
215 -5.28469500  5.8567495  0.14982383
216 -4.56281660  5.9793324 -0.84446156
217 -0.23154591  5.0940100 -0.38136974
218  4.37213200  2.6832085  1.60720100
219 17.58386800  6.8237944  8.04962500
220 18.57815400  8.0496250  1.79788590
221 16.16735300  9.5751050  6.27898030
222 12.44899750  8.3901340  5.59796300
223  9.72492800  6.5922484  1.41651620
224  6.02019360  4.0997250  1.45737720
225  0.23154591  5.5979630  0.38136974
226 -1.94770970  6.8237944 -0.23154591
227 -3.17354100  7.2460250 -0.84446156
228 -3.78645660  7.7772183 -0.57205460
229 -3.44594800  8.0768660  0.34050870
230 -2.17925570  8.3901340  0.76273950
231 -0.65377670  9.0439110  1.07600750
232  0.34050870  9.5342440  1.60720100
233  1.30755340 10.0790580  1.56634000
234  1.92046900 10.1880200  1.30755340
> plot(d$V1)
Error in plot.window(...) : need finite 'xlim' values
In addition: Warning messages:
1: In min(x) : no non-missing arguments to min; returning Inf
2: In max(x) : no non-missing arguments to max; returning -Inf
3: In min(x) : no non-missing arguments to min; returning Inf
4: In max(x) : no non-missing arguments to max; returning -Inf
> plot(d$V2)
Error in plot.window(...) : need finite 'xlim' values
In addition: Warning messages:
1: In min(x) : no non-missing arguments to min; returning Inf
2: In max(x) : no non-missing arguments to max; returning -Inf
3: In min(x) : no non-missing arguments to min; returning Inf
4: In max(x) : no non-missing arguments to max; returning -Inf
> d$V1
NULL
> d
     X18.959524  X6.469665  X3.5957718
1   19.08210800  5.6252036  2.17925570
2   16.86199000  7.1234417  5.66606470
3   13.21173800  7.0144790  1.72978410
4    9.84751100  5.2846950  1.72978410
5    5.89761070  5.3664170 -0.08172209
6    2.79217120  5.3255560 -0.34050870
7   -0.88532263  6.7420720 -0.10896278
8   -3.17354100  7.1643030 -1.30755340
9   -3.56853100  7.7772183 -0.61291564
10  -3.56853100  8.0087640 -0.10896278
11  -3.02371720  8.2811720  0.34050870
12  -1.92046900  8.8123650  0.76273950
13  -0.57205460  9.3844190  0.76273950
14   0.19068487  9.9156130  0.95342433
15   0.65377670 10.1471590  0.76273950
16   0.57205460 10.2288810  0.50395286
17   0.23154591  9.9564740  0.27240697
18  -0.04086104  9.6976870  0.23154591
19  -0.38136974  9.4661420  0.10896278
20  -0.42223078  9.4661420  0.34050870
21  -0.50395286  9.4661420  0.46309182
22  -0.69463770  9.4661420  0.50395286
23  -1.18497030  9.1528740  0.53119355
24  -2.22011660  8.6216800  0.34050870
25  -3.59577180  7.8180795  0.04086104
26  -5.13487100  6.7829330 -0.14982383
27  -5.78864770  5.8295090 -0.61291564
28  -2.72406960  4.2086873 -0.95342433
29   1.92046900  2.6014864  0.31326800
30   9.61596600  3.1054392  2.53338460
31  15.66340000  6.2108784  2.53338460
32  17.50214800  6.5922484  1.11686850
33  17.27060100  5.9384720  1.98857080
34  16.69854500  7.0553403  2.87389330
35  14.05619900  6.1700177  0.84446156
36  10.31060300  5.3255560  0.46309182
37   7.81807950  5.7069260  0.19068487
38   5.78864770  5.7477865 -0.69463770
39   3.56853100  6.4015636 -0.80360050
40   0.76273950  7.2460250 -0.29964766
41  -0.57205460  8.0496250  0.00000000
42  -0.88532263  8.3492730  0.42223078
43  -0.76273950  8.3901340  0.69463770
44  -0.50395286  8.6897820  0.95342433
45   0.10896278  9.1937350  1.14410920
46   0.50395286  9.5070030  1.07600750
47   0.76273950  9.7657890  1.14410920
48   0.76273950  9.8066500  0.88532263
49   0.95342433  9.6568270  0.69463770
50   0.84446156  9.6976870  0.65377670
51   0.69463770  9.6976870  0.34050870
52   0.42223078  9.6159660  0.14982383
53   0.34050870  9.6568270  0.19068487
54   0.23154591  9.6159660  0.14982383
55   0.14982383  9.4661420  0.27240697
56   0.10896278  9.5070030  0.38136974
57  -0.34050870  9.2754560  0.27240697
58  -1.14410920  8.9213280  0.38136974
59  -1.75702490  8.2811720  0.31326800
60  -1.94770970  8.0496250  0.31326800
61  -1.92046900  7.8180795  0.53119355
62  -1.60720100  7.1643030  0.38136974
63  -0.23154591  5.7477865 -0.29964766
64   2.34269980  3.1735410  0.53119355
65   9.65682700  2.0702930  3.33698500
66  18.15592400  6.8918960  4.44023300
67  17.50214800  5.6252036  1.83874690
68  15.78598300  6.1700177  5.13487100
69  14.24688300  5.6252036  4.44023300
70  11.34575000  5.2438340  1.14410920
71   8.62168000  4.2495484  0.76273950
72   4.44023300  5.5979630  0.23154591
73   2.26097770  7.1643030 -0.50395286
74   0.69463770  7.5456724 -0.29964766
75  -0.50395286  7.7772183  0.00000000
76  -0.65377670  8.0087640  0.53119355
77  -0.19068487  8.6625410  0.84446156
78   0.95342433  9.2754560  1.07600750
79   1.72978410  9.5342440  1.07600750
80   2.26097770  9.8475110  1.26669230
81   2.34269980  9.7249280  0.92618364
82   2.17925570  9.6568270  0.69463770
83   1.79788590  9.5751050  0.53119355
84   0.92618364  9.4252810  0.31326800
85   0.00000000  9.1528740  0.08172209
86  -1.22583130  8.6216800 -0.04086104
87  -2.64234760  7.7772183 -0.14982383
88  -4.29040960  6.5105260 -0.04086104
89  -4.82160330  4.9441860 -0.84446156
90   0.10896278  2.0294318 -0.91256330
91   9.95647400  1.1168685  3.59577180
92  18.61901500  7.1234417  2.26097770
93  17.69283100  6.6331096  4.09972500
94  15.63615900  7.1234417  4.86246400
95  12.91208900  6.0882955  1.87960800
96  11.26402800  6.1700177  1.56634000
97   9.19373500  5.1348710  1.60720100
98   6.23811900  5.4345190  0.34050870
99   3.17354100  7.2460250 -0.29964766
100  0.50395286  6.7829330 -0.23154591
101 -2.30183890  6.9736180 -0.27240697
102 -3.06457830  7.1643030 -0.14982383
103 -3.36422590  7.4367100  0.10896278
104 -2.60148640  7.9270425  0.46309182
105  0.23154591  8.9213280  0.92618364
106  2.95561550 10.3787050  1.60720100
107  4.39937200 11.0324810  1.83874690
108  4.14058600 10.9507600  1.22583130
109  2.98285600 10.1880200  0.80360050
110  1.53909930  9.4661420  0.34050870
111 -0.08172209  9.3844190  0.14982383
112 -1.26669230  8.9621890  0.42223078
113 -3.02371720  7.8589406  0.61291564
114 -5.09401000  6.5513873  0.53119355
115 -6.36070250  4.6717790 -0.14982383
116 -0.99428540 -0.1906849  0.92618364
117  7.77721830  4.0180025  4.14058600
118 13.21173800  6.2108784  4.71264030
119 17.16163800  4.0588636 10.11991900
120 18.04696000  6.3607025 11.41385200
121 14.94152200  6.3198414  8.15858800
122 11.26402800  5.4072780  3.94990090
123  8.30841300  4.5628166  1.60720100
124  4.90332500  5.0940100  1.11686850
125  1.68892310  6.2108784  1.14410920
126 -0.76273950  6.5922484  0.38136974
127 -2.13839460  7.6682560 -0.14982383
128 -2.56062530  7.7772183  0.00000000
129 -1.98857080  8.0768660  0.76273950
130 -0.57205460  8.9621890  0.84446156
131  0.38136974  9.5070030  1.11686850
132  1.14410920  9.9973350  1.26669230
133  1.64806210 10.1471590  0.88532263
134  1.56634000  9.9973350  0.76273950
135  1.33479400  9.8066500  0.46309182
136  0.80360050  9.6976870  0.23154591
137 -0.08172209  9.4661420 -0.08172209
138 -1.14410920  8.8940870 -0.04086104
139 -3.17354100  7.8180795 -0.27240697
140 -5.74778650  6.5922484 -0.84446156
141 -5.78864770  4.9441860 -1.52547900
142 -0.08172209  1.1168685 -0.29964766
143  5.97933240  1.1849703  1.68892310
144 15.47271500  4.7943625  5.21659330
145 19.50433700  5.8295090  5.21659330
146 18.80970000  4.9441860  4.86246400
147 17.35232400  7.3141265  5.97933240
148 14.41032800  6.7420720  4.44023300
149 10.92351900  3.7592160  1.33479400
150  7.31412650  5.0940100  0.53119355
151  4.56281660  5.2438340  0.38136974
152  1.41651620  6.7829330  0.38136974
153 -0.53119355  7.2732660 -0.14982383
154 -2.17925570  7.3958488 -0.65377670
155 -2.83303240  7.5048120 -0.10896278
156 -2.26097770  7.6954966  0.46309182
157 -0.46309182  8.8532260  0.72187840
158  1.11686850  9.5070030  1.37565520
159  2.49252370 10.1880200  1.75702490
160  3.33698500 10.2697420  1.45737720
161  3.94990090 10.5012880  1.60720100
162  3.71835500 10.4195660  1.45737720
163  1.68892310  9.7657890  0.65377670
164 -0.04086104  9.2345950  0.23154591
165 -1.92046900  8.2811720 -0.14982383
166 -4.05886360  7.1643030 -1.03514650
167 -7.27326600  5.6252036 -1.79788590
168 -8.00876400  3.3369850 -2.75131030
169  0.69463770 -3.2552630  0.57205460
170 16.93009200  4.0588636  4.39937200
171 19.57244000  7.1234417  1.56634000
172 19.57244000  6.2789803  3.14630030
173 17.39318500  8.4718560  4.63091800
174 13.44328300  5.9384720  1.18497030
175  9.34355800  4.7535014 -0.23154591
176  5.28469500  3.9907620  0.04086104
177  0.65377670  4.9441860 -0.80360050
178 -1.64806210  7.8589406 -0.57205460
179  0.72187840  8.8123650 -0.10896278
180  2.95561550  9.1120130  0.69463770
181  4.82160330 10.2697420  1.30755340
182  5.09401000 10.8417970  0.80360050
183  3.63663300 10.3106030  0.57205460
184  1.98857080  9.4252810  0.31326800
185  0.95342433  8.8123650  0.08172209
186  0.57205460  9.0439110  0.10896278
187 -0.08172209  9.1937350  0.08172209
188 -1.11686850  8.5399580  0.14982383
189 -3.52767010  7.1234417 -0.04086104
190 -6.78293300  5.3255560 -1.03514650
191 -7.31412650  2.3699405 -2.30183890
192 -1.18497030  0.4630918 -0.65377670
193 12.25831300 -0.2315459  5.09401000
194 19.50433700  7.6954966  4.33127070
195 19.53157800  7.0144790  3.02371720
196 17.31146200  8.7715040  6.82379440
197 13.33432000  7.6682560  2.22011660
198 10.22888100  4.8624640  1.03514650
199  5.21659330  5.2438340  0.65377670
200  2.07029300  6.0474343 -0.42223078
201 -0.91256330  6.0882955  0.00000000
202 -3.86817880  7.3141265 -0.42223078
203 -4.01800250  6.7012110 -0.50395286
204 -1.98857080  7.8861814  0.31326800
205  1.79788590  9.3026970  1.11686850
206  5.17573200 11.1414440  1.75702490
207  5.13487100 11.9586650  1.83874690
208  2.91475440 10.9507600  1.14410920
209  1.11686850  9.6568270  0.27240697
210 -0.46309182  8.4990970 -0.08172209
211 -1.64806210  8.2403110 -0.23154591
212 -2.79217120  8.0087640 -0.29964766
213 -3.40508700  7.6682560 -0.19068487
214 -4.37213200  6.7012110  0.23154591
215 -5.28469500  5.8567495  0.14982383
216 -4.56281660  5.9793324 -0.84446156
217 -0.23154591  5.0940100 -0.38136974
218  4.37213200  2.6832085  1.60720100
219 17.58386800  6.8237944  8.04962500
220 18.57815400  8.0496250  1.79788590
221 16.16735300  9.5751050  6.27898030
222 12.44899750  8.3901340  5.59796300
223  9.72492800  6.5922484  1.41651620
224  6.02019360  4.0997250  1.45737720
225  0.23154591  5.5979630  0.38136974
226 -1.94770970  6.8237944 -0.23154591
227 -3.17354100  7.2460250 -0.84446156
228 -3.78645660  7.7772183 -0.57205460
229 -3.44594800  8.0768660  0.34050870
230 -2.17925570  8.3901340  0.76273950
231 -0.65377670  9.0439110  1.07600750
232  0.34050870  9.5342440  1.60720100
233  1.30755340 10.0790580  1.56634000
234  1.92046900 10.1880200  1.30755340
> d <- read.csv('data', header=F)
> d
             V1         V2          V3
1   18.95952400  6.4696650  3.59577180
2   19.08210800  5.6252036  2.17925570
3   16.86199000  7.1234417  5.66606470
4   13.21173800  7.0144790  1.72978410
5    9.84751100  5.2846950  1.72978410
6    5.89761070  5.3664170 -0.08172209
7    2.79217120  5.3255560 -0.34050870
8   -0.88532263  6.7420720 -0.10896278
9   -3.17354100  7.1643030 -1.30755340
10  -3.56853100  7.7772183 -0.61291564
11  -3.56853100  8.0087640 -0.10896278
12  -3.02371720  8.2811720  0.34050870
13  -1.92046900  8.8123650  0.76273950
14  -0.57205460  9.3844190  0.76273950
15   0.19068487  9.9156130  0.95342433
16   0.65377670 10.1471590  0.76273950
17   0.57205460 10.2288810  0.50395286
18   0.23154591  9.9564740  0.27240697
19  -0.04086104  9.6976870  0.23154591
20  -0.38136974  9.4661420  0.10896278
21  -0.42223078  9.4661420  0.34050870
22  -0.50395286  9.4661420  0.46309182
23  -0.69463770  9.4661420  0.50395286
24  -1.18497030  9.1528740  0.53119355
25  -2.22011660  8.6216800  0.34050870
26  -3.59577180  7.8180795  0.04086104
27  -5.13487100  6.7829330 -0.14982383
28  -5.78864770  5.8295090 -0.61291564
29  -2.72406960  4.2086873 -0.95342433
30   1.92046900  2.6014864  0.31326800
31   9.61596600  3.1054392  2.53338460
32  15.66340000  6.2108784  2.53338460
33  17.50214800  6.5922484  1.11686850
34  17.27060100  5.9384720  1.98857080
35  16.69854500  7.0553403  2.87389330
36  14.05619900  6.1700177  0.84446156
37  10.31060300  5.3255560  0.46309182
38   7.81807950  5.7069260  0.19068487
39   5.78864770  5.7477865 -0.69463770
40   3.56853100  6.4015636 -0.80360050
41   0.76273950  7.2460250 -0.29964766
42  -0.57205460  8.0496250  0.00000000
43  -0.88532263  8.3492730  0.42223078
44  -0.76273950  8.3901340  0.69463770
45  -0.50395286  8.6897820  0.95342433
46   0.10896278  9.1937350  1.14410920
47   0.50395286  9.5070030  1.07600750
48   0.76273950  9.7657890  1.14410920
49   0.76273950  9.8066500  0.88532263
50   0.95342433  9.6568270  0.69463770
51   0.84446156  9.6976870  0.65377670
52   0.69463770  9.6976870  0.34050870
53   0.42223078  9.6159660  0.14982383
54   0.34050870  9.6568270  0.19068487
55   0.23154591  9.6159660  0.14982383
56   0.14982383  9.4661420  0.27240697
57   0.10896278  9.5070030  0.38136974
58  -0.34050870  9.2754560  0.27240697
59  -1.14410920  8.9213280  0.38136974
60  -1.75702490  8.2811720  0.31326800
61  -1.94770970  8.0496250  0.31326800
62  -1.92046900  7.8180795  0.53119355
63  -1.60720100  7.1643030  0.38136974
64  -0.23154591  5.7477865 -0.29964766
65   2.34269980  3.1735410  0.53119355
66   9.65682700  2.0702930  3.33698500
67  18.15592400  6.8918960  4.44023300
68  17.50214800  5.6252036  1.83874690
69  15.78598300  6.1700177  5.13487100
70  14.24688300  5.6252036  4.44023300
71  11.34575000  5.2438340  1.14410920
72   8.62168000  4.2495484  0.76273950
73   4.44023300  5.5979630  0.23154591
74   2.26097770  7.1643030 -0.50395286
75   0.69463770  7.5456724 -0.29964766
76  -0.50395286  7.7772183  0.00000000
77  -0.65377670  8.0087640  0.53119355
78  -0.19068487  8.6625410  0.84446156
79   0.95342433  9.2754560  1.07600750
80   1.72978410  9.5342440  1.07600750
81   2.26097770  9.8475110  1.26669230
82   2.34269980  9.7249280  0.92618364
83   2.17925570  9.6568270  0.69463770
84   1.79788590  9.5751050  0.53119355
85   0.92618364  9.4252810  0.31326800
86   0.00000000  9.1528740  0.08172209
87  -1.22583130  8.6216800 -0.04086104
88  -2.64234760  7.7772183 -0.14982383
89  -4.29040960  6.5105260 -0.04086104
90  -4.82160330  4.9441860 -0.84446156
91   0.10896278  2.0294318 -0.91256330
92   9.95647400  1.1168685  3.59577180
93  18.61901500  7.1234417  2.26097770
94  17.69283100  6.6331096  4.09972500
95  15.63615900  7.1234417  4.86246400
96  12.91208900  6.0882955  1.87960800
97  11.26402800  6.1700177  1.56634000
98   9.19373500  5.1348710  1.60720100
99   6.23811900  5.4345190  0.34050870
100  3.17354100  7.2460250 -0.29964766
101  0.50395286  6.7829330 -0.23154591
102 -2.30183890  6.9736180 -0.27240697
103 -3.06457830  7.1643030 -0.14982383
104 -3.36422590  7.4367100  0.10896278
105 -2.60148640  7.9270425  0.46309182
106  0.23154591  8.9213280  0.92618364
107  2.95561550 10.3787050  1.60720100
108  4.39937200 11.0324810  1.83874690
109  4.14058600 10.9507600  1.22583130
110  2.98285600 10.1880200  0.80360050
111  1.53909930  9.4661420  0.34050870
112 -0.08172209  9.3844190  0.14982383
113 -1.26669230  8.9621890  0.42223078
114 -3.02371720  7.8589406  0.61291564
115 -5.09401000  6.5513873  0.53119355
116 -6.36070250  4.6717790 -0.14982383
117 -0.99428540 -0.1906849  0.92618364
118  7.77721830  4.0180025  4.14058600
119 13.21173800  6.2108784  4.71264030
120 17.16163800  4.0588636 10.11991900
121 18.04696000  6.3607025 11.41385200
122 14.94152200  6.3198414  8.15858800
123 11.26402800  5.4072780  3.94990090
124  8.30841300  4.5628166  1.60720100
125  4.90332500  5.0940100  1.11686850
126  1.68892310  6.2108784  1.14410920
127 -0.76273950  6.5922484  0.38136974
128 -2.13839460  7.6682560 -0.14982383
129 -2.56062530  7.7772183  0.00000000
130 -1.98857080  8.0768660  0.76273950
131 -0.57205460  8.9621890  0.84446156
132  0.38136974  9.5070030  1.11686850
133  1.14410920  9.9973350  1.26669230
134  1.64806210 10.1471590  0.88532263
135  1.56634000  9.9973350  0.76273950
136  1.33479400  9.8066500  0.46309182
137  0.80360050  9.6976870  0.23154591
138 -0.08172209  9.4661420 -0.08172209
139 -1.14410920  8.8940870 -0.04086104
140 -3.17354100  7.8180795 -0.27240697
141 -5.74778650  6.5922484 -0.84446156
142 -5.78864770  4.9441860 -1.52547900
143 -0.08172209  1.1168685 -0.29964766
144  5.97933240  1.1849703  1.68892310
145 15.47271500  4.7943625  5.21659330
146 19.50433700  5.8295090  5.21659330
147 18.80970000  4.9441860  4.86246400
148 17.35232400  7.3141265  5.97933240
149 14.41032800  6.7420720  4.44023300
150 10.92351900  3.7592160  1.33479400
151  7.31412650  5.0940100  0.53119355
152  4.56281660  5.2438340  0.38136974
153  1.41651620  6.7829330  0.38136974
154 -0.53119355  7.2732660 -0.14982383
155 -2.17925570  7.3958488 -0.65377670
156 -2.83303240  7.5048120 -0.10896278
157 -2.26097770  7.6954966  0.46309182
158 -0.46309182  8.8532260  0.72187840
159  1.11686850  9.5070030  1.37565520
160  2.49252370 10.1880200  1.75702490
161  3.33698500 10.2697420  1.45737720
162  3.94990090 10.5012880  1.60720100
163  3.71835500 10.4195660  1.45737720
164  1.68892310  9.7657890  0.65377670
165 -0.04086104  9.2345950  0.23154591
166 -1.92046900  8.2811720 -0.14982383
167 -4.05886360  7.1643030 -1.03514650
168 -7.27326600  5.6252036 -1.79788590
169 -8.00876400  3.3369850 -2.75131030
170  0.69463770 -3.2552630  0.57205460
171 16.93009200  4.0588636  4.39937200
172 19.57244000  7.1234417  1.56634000
173 19.57244000  6.2789803  3.14630030
174 17.39318500  8.4718560  4.63091800
175 13.44328300  5.9384720  1.18497030
176  9.34355800  4.7535014 -0.23154591
177  5.28469500  3.9907620  0.04086104
178  0.65377670  4.9441860 -0.80360050
179 -1.64806210  7.8589406 -0.57205460
180  0.72187840  8.8123650 -0.10896278
181  2.95561550  9.1120130  0.69463770
182  4.82160330 10.2697420  1.30755340
183  5.09401000 10.8417970  0.80360050
184  3.63663300 10.3106030  0.57205460
185  1.98857080  9.4252810  0.31326800
186  0.95342433  8.8123650  0.08172209
187  0.57205460  9.0439110  0.10896278
188 -0.08172209  9.1937350  0.08172209
189 -1.11686850  8.5399580  0.14982383
190 -3.52767010  7.1234417 -0.04086104
191 -6.78293300  5.3255560 -1.03514650
192 -7.31412650  2.3699405 -2.30183890
193 -1.18497030  0.4630918 -0.65377670
194 12.25831300 -0.2315459  5.09401000
195 19.50433700  7.6954966  4.33127070
196 19.53157800  7.0144790  3.02371720
197 17.31146200  8.7715040  6.82379440
198 13.33432000  7.6682560  2.22011660
199 10.22888100  4.8624640  1.03514650
200  5.21659330  5.2438340  0.65377670
201  2.07029300  6.0474343 -0.42223078
202 -0.91256330  6.0882955  0.00000000
203 -3.86817880  7.3141265 -0.42223078
204 -4.01800250  6.7012110 -0.50395286
205 -1.98857080  7.8861814  0.31326800
206  1.79788590  9.3026970  1.11686850
207  5.17573200 11.1414440  1.75702490
208  5.13487100 11.9586650  1.83874690
209  2.91475440 10.9507600  1.14410920
210  1.11686850  9.6568270  0.27240697
211 -0.46309182  8.4990970 -0.08172209
212 -1.64806210  8.2403110 -0.23154591
213 -2.79217120  8.0087640 -0.29964766
214 -3.40508700  7.6682560 -0.19068487
215 -4.37213200  6.7012110  0.23154591
216 -5.28469500  5.8567495  0.14982383
217 -4.56281660  5.9793324 -0.84446156
218 -0.23154591  5.0940100 -0.38136974
219  4.37213200  2.6832085  1.60720100
220 17.58386800  6.8237944  8.04962500
221 18.57815400  8.0496250  1.79788590
222 16.16735300  9.5751050  6.27898030
223 12.44899750  8.3901340  5.59796300
224  9.72492800  6.5922484  1.41651620
225  6.02019360  4.0997250  1.45737720
226  0.23154591  5.5979630  0.38136974
227 -1.94770970  6.8237944 -0.23154591
228 -3.17354100  7.2460250 -0.84446156
229 -3.78645660  7.7772183 -0.57205460
230 -3.44594800  8.0768660  0.34050870
231 -2.17925570  8.3901340  0.76273950
232 -0.65377670  9.0439110  1.07600750
233  0.34050870  9.5342440  1.60720100
234  1.30755340 10.0790580  1.56634000
235  1.92046900 10.1880200  1.30755340
> d$V1
  [1] 18.95952400 19.08210800 16.86199000 13.21173800  9.84751100  5.89761070
  [7]  2.79217120 -0.88532263 -3.17354100 -3.56853100 -3.56853100 -3.02371720
 [13] -1.92046900 -0.57205460  0.19068487  0.65377670  0.57205460  0.23154591
 [19] -0.04086104 -0.38136974 -0.42223078 -0.50395286 -0.69463770 -1.18497030
 [25] -2.22011660 -3.59577180 -5.13487100 -5.78864770 -2.72406960  1.92046900
 [31]  9.61596600 15.66340000 17.50214800 17.27060100 16.69854500 14.05619900
 [37] 10.31060300  7.81807950  5.78864770  3.56853100  0.76273950 -0.57205460
 [43] -0.88532263 -0.76273950 -0.50395286  0.10896278  0.50395286  0.76273950
 [49]  0.76273950  0.95342433  0.84446156  0.69463770  0.42223078  0.34050870
 [55]  0.23154591  0.14982383  0.10896278 -0.34050870 -1.14410920 -1.75702490
 [61] -1.94770970 -1.92046900 -1.60720100 -0.23154591  2.34269980  9.65682700
 [67] 18.15592400 17.50214800 15.78598300 14.24688300 11.34575000  8.62168000
 [73]  4.44023300  2.26097770  0.69463770 -0.50395286 -0.65377670 -0.19068487
 [79]  0.95342433  1.72978410  2.26097770  2.34269980  2.17925570  1.79788590
 [85]  0.92618364  0.00000000 -1.22583130 -2.64234760 -4.29040960 -4.82160330
 [91]  0.10896278  9.95647400 18.61901500 17.69283100 15.63615900 12.91208900
 [97] 11.26402800  9.19373500  6.23811900  3.17354100  0.50395286 -2.30183890
[103] -3.06457830 -3.36422590 -2.60148640  0.23154591  2.95561550  4.39937200
[109]  4.14058600  2.98285600  1.53909930 -0.08172209 -1.26669230 -3.02371720
[115] -5.09401000 -6.36070250 -0.99428540  7.77721830 13.21173800 17.16163800
[121] 18.04696000 14.94152200 11.26402800  8.30841300  4.90332500  1.68892310
[127] -0.76273950 -2.13839460 -2.56062530 -1.98857080 -0.57205460  0.38136974
[133]  1.14410920  1.64806210  1.56634000  1.33479400  0.80360050 -0.08172209
[139] -1.14410920 -3.17354100 -5.74778650 -5.78864770 -0.08172209  5.97933240
[145] 15.47271500 19.50433700 18.80970000 17.35232400 14.41032800 10.92351900
[151]  7.31412650  4.56281660  1.41651620 -0.53119355 -2.17925570 -2.83303240
[157] -2.26097770 -0.46309182  1.11686850  2.49252370  3.33698500  3.94990090
[163]  3.71835500  1.68892310 -0.04086104 -1.92046900 -4.05886360 -7.27326600
[169] -8.00876400  0.69463770 16.93009200 19.57244000 19.57244000 17.39318500
[175] 13.44328300  9.34355800  5.28469500  0.65377670 -1.64806210  0.72187840
[181]  2.95561550  4.82160330  5.09401000  3.63663300  1.98857080  0.95342433
[187]  0.57205460 -0.08172209 -1.11686850 -3.52767010 -6.78293300 -7.31412650
[193] -1.18497030 12.25831300 19.50433700 19.53157800 17.31146200 13.33432000
[199] 10.22888100  5.21659330  2.07029300 -0.91256330 -3.86817880 -4.01800250
[205] -1.98857080  1.79788590  5.17573200  5.13487100  2.91475440  1.11686850
[211] -0.46309182 -1.64806210 -2.79217120 -3.40508700 -4.37213200 -5.28469500
[217] -4.56281660 -0.23154591  4.37213200 17.58386800 18.57815400 16.16735300
[223] 12.44899750  9.72492800  6.02019360  0.23154591 -1.94770970 -3.17354100
[229] -3.78645660 -3.44594800 -2.17925570 -0.65377670  0.34050870  1.30755340
[235]  1.92046900
> plot(d$v1)
Error in plot.window(...) : need finite 'xlim' values
In addition: Warning messages:
1: In min(x) : no non-missing arguments to min; returning Inf
2: In max(x) : no non-missing arguments to max; returning -Inf
3: In min(x) : no non-missing arguments to min; returning Inf
4: In max(x) : no non-missing arguments to max; returning -Inf
> plot(d$V1)
> curve(d$V1)
Error in curve(d$V1) : 
  'expr' must be a function or an expression containing 'x'
> plot(d$V1, "l")
Error in xy.coords(x, y, xlabel, ylabel, log) : 
  'x' and 'y' lengths differ
> plot(d$V1, type="l")
> plot(d$V1, type="l")
> hline(h=0, col="red")
Error: could not find function "hline"
> abline(h=0, col="red")
> plot(d$V1, type="l")
> dev.interactive?
+ dev.interactive?
;
dev.interactive?
+ ;
Error: unexpected ';' in:
"dev.interactive?
;"
> dev.interactive()
[1] TRUE
> locator()
$x
[1] 13.50352 45.26188

$y
[1] -0.05042303 -0.13838742

> plot(d$V1[13:34], type="l")
> plot(d$V1[13:45], type="l")
> plot(d$V1[17:24], type="l")
> plot(d$V1[17:34], type="l")
> plot(d$V1[17:29], type="l")
> plot(d$V1[17:34], type="l")
> plot(d$V1[17:32], type="l")
> x <- d$V1[17:32]
> ccf(d, x)
Error in dimnames(x) <- dn : 
  length of 'dimnames' [2] not equal to array extent
> ?ccf
> acf(a)
Error in as.ts(x) : object "a" not found
> acf(x)
> acf(d)
> acf(d$V1)
> ccf(acf(d$V1), acf(x))
Error in x[, (1 + cs[i]):cs[i + 1]] <- xx : 
  incorrect number of subscripts on matrix
> ccf(acf(d$V1), x)
Error in x[, (1 + cs[i]):cs[i + 1]] <- xx : 
  incorrect number of subscripts on matrix
> len(x)
Error: could not find function "len"
> length(x)
[1] 16
> xl <- length(x)
> ccf(d$V1[0:xl], x)
> ccf(d$V1[1:xl+1], x)
> ?cor
> ccf(d$V1[0:xl], x)
> cor(d$V1[0:xl], x)
[1] 0.07418928
> for (i in seq(1, 50)) { cor(d$V1[0+i:xl+i], x)}
Error in cor(d$V1[0 + i:xl + i], x) : incompatible dimensions
> for (i in seq(1, 50)) { i}
> 
> ;
Error: unexpected ';' in ";"
> for (i in seq(1, 50)) { i;}
> 
> ;
Error: unexpected ';' in ";"
> for (i in seq(1, 50)) { i;};
> ;
Error: unexpected ';' in ";"
> for (i in seq(1, 50)) { cor(d$V1[0+i:xl+i], x);}
Error in cor(d$V1[0 + i:xl + i], x) : incompatible dimensions
> for (i in seq(0, 50)) { cor(d$V1[0+i:xl+i], x)}
Error in cor(d$V1[0 + i:xl + i], x) : incompatible dimensions
> for (i in seq(0, 50)) { cor(d$V1[(0+i):(xl+i)], x)}
Error in cor(d$V1[(0 + i):(xl + i)], x) : incompatible dimensions
> for (i in seq(0, 50)) { print(i);}
[1] 0
[1] 1
[1] 2
[1] 3
[1] 4
[1] 5
[1] 6
[1] 7
[1] 8
[1] 9
[1] 10
[1] 11
[1] 12
[1] 13
[1] 14
[1] 15
[1] 16
[1] 17
[1] 18
[1] 19
[1] 20
[1] 21
[1] 22
[1] 23
[1] 24
[1] 25
[1] 26
[1] 27
[1] 28
[1] 29
[1] 30
[1] 31
[1] 32
[1] 33
[1] 34
[1] 35
[1] 36
[1] 37
[1] 38
[1] 39
[1] 40
[1] 41
[1] 42
[1] 43
[1] 44
[1] 45
[1] 46
[1] 47
[1] 48
[1] 49
[1] 50
> for (i in seq(0, 50)) { print(d$V1[(0+i):(xl+i)])}
 [1] 18.9595240 19.0821080 16.8619900 13.2117380  9.8475110  5.8976107
 [7]  2.7921712 -0.8853226 -3.1735410 -3.5685310 -3.5685310 -3.0237172
[13] -1.9204690 -0.5720546  0.1906849  0.6537767
 [1] 18.9595240 19.0821080 16.8619900 13.2117380  9.8475110  5.8976107
 [7]  2.7921712 -0.8853226 -3.1735410 -3.5685310 -3.5685310 -3.0237172
[13] -1.9204690 -0.5720546  0.1906849  0.6537767  0.5720546
 [1] 19.0821080 16.8619900 13.2117380  9.8475110  5.8976107  2.7921712
 [7] -0.8853226 -3.1735410 -3.5685310 -3.5685310 -3.0237172 -1.9204690
[13] -0.5720546  0.1906849  0.6537767  0.5720546  0.2315459
 [1] 16.86199000 13.21173800  9.84751100  5.89761070  2.79217120 -0.88532263
 [7] -3.17354100 -3.56853100 -3.56853100 -3.02371720 -1.92046900 -0.57205460
[13]  0.19068487  0.65377670  0.57205460  0.23154591 -0.04086104
 [1] 13.21173800  9.84751100  5.89761070  2.79217120 -0.88532263 -3.17354100
 [7] -3.56853100 -3.56853100 -3.02371720 -1.92046900 -0.57205460  0.19068487
[13]  0.65377670  0.57205460  0.23154591 -0.04086104 -0.38136974
 [1]  9.84751100  5.89761070  2.79217120 -0.88532263 -3.17354100 -3.56853100
 [7] -3.56853100 -3.02371720 -1.92046900 -0.57205460  0.19068487  0.65377670
[13]  0.57205460  0.23154591 -0.04086104 -0.38136974 -0.42223078
 [1]  5.89761070  2.79217120 -0.88532263 -3.17354100 -3.56853100 -3.56853100
 [7] -3.02371720 -1.92046900 -0.57205460  0.19068487  0.65377670  0.57205460
[13]  0.23154591 -0.04086104 -0.38136974 -0.42223078 -0.50395286
 [1]  2.79217120 -0.88532263 -3.17354100 -3.56853100 -3.56853100 -3.02371720
 [7] -1.92046900 -0.57205460  0.19068487  0.65377670  0.57205460  0.23154591
[13] -0.04086104 -0.38136974 -0.42223078 -0.50395286 -0.69463770
 [1] -0.88532263 -3.17354100 -3.56853100 -3.56853100 -3.02371720 -1.92046900
 [7] -0.57205460  0.19068487  0.65377670  0.57205460  0.23154591 -0.04086104
[13] -0.38136974 -0.42223078 -0.50395286 -0.69463770 -1.18497030
 [1] -3.17354100 -3.56853100 -3.56853100 -3.02371720 -1.92046900 -0.57205460
 [7]  0.19068487  0.65377670  0.57205460  0.23154591 -0.04086104 -0.38136974
[13] -0.42223078 -0.50395286 -0.69463770 -1.18497030 -2.22011660
 [1] -3.56853100 -3.56853100 -3.02371720 -1.92046900 -0.57205460  0.19068487
 [7]  0.65377670  0.57205460  0.23154591 -0.04086104 -0.38136974 -0.42223078
[13] -0.50395286 -0.69463770 -1.18497030 -2.22011660 -3.59577180
 [1] -3.56853100 -3.02371720 -1.92046900 -0.57205460  0.19068487  0.65377670
 [7]  0.57205460  0.23154591 -0.04086104 -0.38136974 -0.42223078 -0.50395286
[13] -0.69463770 -1.18497030 -2.22011660 -3.59577180 -5.13487100
 [1] -3.02371720 -1.92046900 -0.57205460  0.19068487  0.65377670  0.57205460
 [7]  0.23154591 -0.04086104 -0.38136974 -0.42223078 -0.50395286 -0.69463770
[13] -1.18497030 -2.22011660 -3.59577180 -5.13487100 -5.78864770
 [1] -1.92046900 -0.57205460  0.19068487  0.65377670  0.57205460  0.23154591
 [7] -0.04086104 -0.38136974 -0.42223078 -0.50395286 -0.69463770 -1.18497030
[13] -2.22011660 -3.59577180 -5.13487100 -5.78864770 -2.72406960
 [1] -0.57205460  0.19068487  0.65377670  0.57205460  0.23154591 -0.04086104
 [7] -0.38136974 -0.42223078 -0.50395286 -0.69463770 -1.18497030 -2.22011660
[13] -3.59577180 -5.13487100 -5.78864770 -2.72406960  1.92046900
 [1]  0.19068487  0.65377670  0.57205460  0.23154591 -0.04086104 -0.38136974
 [7] -0.42223078 -0.50395286 -0.69463770 -1.18497030 -2.22011660 -3.59577180
[13] -5.13487100 -5.78864770 -2.72406960  1.92046900  9.61596600
 [1]  0.65377670  0.57205460  0.23154591 -0.04086104 -0.38136974 -0.42223078
 [7] -0.50395286 -0.69463770 -1.18497030 -2.22011660 -3.59577180 -5.13487100
[13] -5.78864770 -2.72406960  1.92046900  9.61596600 15.66340000
 [1]  0.57205460  0.23154591 -0.04086104 -0.38136974 -0.42223078 -0.50395286
 [7] -0.69463770 -1.18497030 -2.22011660 -3.59577180 -5.13487100 -5.78864770
[13] -2.72406960  1.92046900  9.61596600 15.66340000 17.50214800
 [1]  0.23154591 -0.04086104 -0.38136974 -0.42223078 -0.50395286 -0.69463770
 [7] -1.18497030 -2.22011660 -3.59577180 -5.13487100 -5.78864770 -2.72406960
[13]  1.92046900  9.61596600 15.66340000 17.50214800 17.27060100
 [1] -0.04086104 -0.38136974 -0.42223078 -0.50395286 -0.69463770 -1.18497030
 [7] -2.22011660 -3.59577180 -5.13487100 -5.78864770 -2.72406960  1.92046900
[13]  9.61596600 15.66340000 17.50214800 17.27060100 16.69854500
 [1] -0.3813697 -0.4222308 -0.5039529 -0.6946377 -1.1849703 -2.2201166
 [7] -3.5957718 -5.1348710 -5.7886477 -2.7240696  1.9204690  9.6159660
[13] 15.6634000 17.5021480 17.2706010 16.6985450 14.0561990
 [1] -0.4222308 -0.5039529 -0.6946377 -1.1849703 -2.2201166 -3.5957718
 [7] -5.1348710 -5.7886477 -2.7240696  1.9204690  9.6159660 15.6634000
[13] 17.5021480 17.2706010 16.6985450 14.0561990 10.3106030
 [1] -0.5039529 -0.6946377 -1.1849703 -2.2201166 -3.5957718 -5.1348710
 [7] -5.7886477 -2.7240696  1.9204690  9.6159660 15.6634000 17.5021480
[13] 17.2706010 16.6985450 14.0561990 10.3106030  7.8180795
 [1] -0.6946377 -1.1849703 -2.2201166 -3.5957718 -5.1348710 -5.7886477
 [7] -2.7240696  1.9204690  9.6159660 15.6634000 17.5021480 17.2706010
[13] 16.6985450 14.0561990 10.3106030  7.8180795  5.7886477
 [1] -1.184970 -2.220117 -3.595772 -5.134871 -5.788648 -2.724070  1.920469
 [8]  9.615966 15.663400 17.502148 17.270601 16.698545 14.056199 10.310603
[15]  7.818079  5.788648  3.568531
 [1] -2.2201166 -3.5957718 -5.1348710 -5.7886477 -2.7240696  1.9204690
 [7]  9.6159660 15.6634000 17.5021480 17.2706010 16.6985450 14.0561990
[13] 10.3106030  7.8180795  5.7886477  3.5685310  0.7627395
 [1] -3.5957718 -5.1348710 -5.7886477 -2.7240696  1.9204690  9.6159660
 [7] 15.6634000 17.5021480 17.2706010 16.6985450 14.0561990 10.3106030
[13]  7.8180795  5.7886477  3.5685310  0.7627395 -0.5720546
 [1] -5.1348710 -5.7886477 -2.7240696  1.9204690  9.6159660 15.6634000
 [7] 17.5021480 17.2706010 16.6985450 14.0561990 10.3106030  7.8180795
[13]  5.7886477  3.5685310  0.7627395 -0.5720546 -0.8853226
 [1] -5.7886477 -2.7240696  1.9204690  9.6159660 15.6634000 17.5021480
 [7] 17.2706010 16.6985450 14.0561990 10.3106030  7.8180795  5.7886477
[13]  3.5685310  0.7627395 -0.5720546 -0.8853226 -0.7627395
 [1] -2.7240696  1.9204690  9.6159660 15.6634000 17.5021480 17.2706010
 [7] 16.6985450 14.0561990 10.3106030  7.8180795  5.7886477  3.5685310
[13]  0.7627395 -0.5720546 -0.8853226 -0.7627395 -0.5039529
 [1]  1.9204690  9.6159660 15.6634000 17.5021480 17.2706010 16.6985450
 [7] 14.0561990 10.3106030  7.8180795  5.7886477  3.5685310  0.7627395
[13] -0.5720546 -0.8853226 -0.7627395 -0.5039529  0.1089628
 [1]  9.6159660 15.6634000 17.5021480 17.2706010 16.6985450 14.0561990
 [7] 10.3106030  7.8180795  5.7886477  3.5685310  0.7627395 -0.5720546
[13] -0.8853226 -0.7627395 -0.5039529  0.1089628  0.5039529
 [1] 15.6634000 17.5021480 17.2706010 16.6985450 14.0561990 10.3106030
 [7]  7.8180795  5.7886477  3.5685310  0.7627395 -0.5720546 -0.8853226
[13] -0.7627395 -0.5039529  0.1089628  0.5039529  0.7627395
 [1] 17.5021480 17.2706010 16.6985450 14.0561990 10.3106030  7.8180795
 [7]  5.7886477  3.5685310  0.7627395 -0.5720546 -0.8853226 -0.7627395
[13] -0.5039529  0.1089628  0.5039529  0.7627395  0.7627395
 [1] 17.2706010 16.6985450 14.0561990 10.3106030  7.8180795  5.7886477
 [7]  3.5685310  0.7627395 -0.5720546 -0.8853226 -0.7627395 -0.5039529
[13]  0.1089628  0.5039529  0.7627395  0.7627395  0.9534243
 [1] 16.6985450 14.0561990 10.3106030  7.8180795  5.7886477  3.5685310
 [7]  0.7627395 -0.5720546 -0.8853226 -0.7627395 -0.5039529  0.1089628
[13]  0.5039529  0.7627395  0.7627395  0.9534243  0.8444616
 [1] 14.0561990 10.3106030  7.8180795  5.7886477  3.5685310  0.7627395
 [7] -0.5720546 -0.8853226 -0.7627395 -0.5039529  0.1089628  0.5039529
[13]  0.7627395  0.7627395  0.9534243  0.8444616  0.6946377
 [1] 10.3106030  7.8180795  5.7886477  3.5685310  0.7627395 -0.5720546
 [7] -0.8853226 -0.7627395 -0.5039529  0.1089628  0.5039529  0.7627395
[13]  0.7627395  0.9534243  0.8444616  0.6946377  0.4222308
 [1]  7.8180795  5.7886477  3.5685310  0.7627395 -0.5720546 -0.8853226
 [7] -0.7627395 -0.5039529  0.1089628  0.5039529  0.7627395  0.7627395
[13]  0.9534243  0.8444616  0.6946377  0.4222308  0.3405087
 [1]  5.7886477  3.5685310  0.7627395 -0.5720546 -0.8853226 -0.7627395
 [7] -0.5039529  0.1089628  0.5039529  0.7627395  0.7627395  0.9534243
[13]  0.8444616  0.6946377  0.4222308  0.3405087  0.2315459
 [1]  3.5685310  0.7627395 -0.5720546 -0.8853226 -0.7627395 -0.5039529
 [7]  0.1089628  0.5039529  0.7627395  0.7627395  0.9534243  0.8444616
[13]  0.6946377  0.4222308  0.3405087  0.2315459  0.1498238
 [1]  0.7627395 -0.5720546 -0.8853226 -0.7627395 -0.5039529  0.1089628
 [7]  0.5039529  0.7627395  0.7627395  0.9534243  0.8444616  0.6946377
[13]  0.4222308  0.3405087  0.2315459  0.1498238  0.1089628
 [1] -0.5720546 -0.8853226 -0.7627395 -0.5039529  0.1089628  0.5039529
 [7]  0.7627395  0.7627395  0.9534243  0.8444616  0.6946377  0.4222308
[13]  0.3405087  0.2315459  0.1498238  0.1089628 -0.3405087
 [1] -0.8853226 -0.7627395 -0.5039529  0.1089628  0.5039529  0.7627395
 [7]  0.7627395  0.9534243  0.8444616  0.6946377  0.4222308  0.3405087
[13]  0.2315459  0.1498238  0.1089628 -0.3405087 -1.1441092
 [1] -0.7627395 -0.5039529  0.1089628  0.5039529  0.7627395  0.7627395
 [7]  0.9534243  0.8444616  0.6946377  0.4222308  0.3405087  0.2315459
[13]  0.1498238  0.1089628 -0.3405087 -1.1441092 -1.7570249
 [1] -0.5039529  0.1089628  0.5039529  0.7627395  0.7627395  0.9534243
 [7]  0.8444616  0.6946377  0.4222308  0.3405087  0.2315459  0.1498238
[13]  0.1089628 -0.3405087 -1.1441092 -1.7570249 -1.9477097
 [1]  0.1089628  0.5039529  0.7627395  0.7627395  0.9534243  0.8444616
 [7]  0.6946377  0.4222308  0.3405087  0.2315459  0.1498238  0.1089628
[13] -0.3405087 -1.1441092 -1.7570249 -1.9477097 -1.9204690
 [1]  0.5039529  0.7627395  0.7627395  0.9534243  0.8444616  0.6946377
 [7]  0.4222308  0.3405087  0.2315459  0.1498238  0.1089628 -0.3405087
[13] -1.1441092 -1.7570249 -1.9477097 -1.9204690 -1.6072010
 [1]  0.7627395  0.7627395  0.9534243  0.8444616  0.6946377  0.4222308
 [7]  0.3405087  0.2315459  0.1498238  0.1089628 -0.3405087 -1.1441092
[13] -1.7570249 -1.9477097 -1.9204690 -1.6072010 -0.2315459
 [1]  0.7627395  0.9534243  0.8444616  0.6946377  0.4222308  0.3405087
 [7]  0.2315459  0.1498238  0.1089628 -0.3405087 -1.1441092 -1.7570249
[13] -1.9477097 -1.9204690 -1.6072010 -0.2315459  2.3426998
 [1]  0.9534243  0.8444616  0.6946377  0.4222308  0.3405087  0.2315459
 [7]  0.1498238  0.1089628 -0.3405087 -1.1441092 -1.7570249 -1.9477097
[13] -1.9204690 -1.6072010 -0.2315459  2.3426998  9.6568270
> for (i in seq(0, 50)) { print(len(d$V1[(0+i):(xl+i)]))}
Error in print(len(d$V1[(0 + i):(xl + i)])) : 
  could not find function "len"
> for (i in seq(0, 50)) { print(length(d$V1[(0+i):(xl+i)]))}
[1] 16
[1] 17
[1] 17
[1] 17
[1] 17
[1] 17
[1] 17
[1] 17
[1] 17
[1] 17
[1] 17
[1] 17
[1] 17
[1] 17
[1] 17
[1] 17
[1] 17
[1] 17
[1] 17
[1] 17
[1] 17
[1] 17
[1] 17
[1] 17
[1] 17
[1] 17
[1] 17
[1] 17
[1] 17
[1] 17
[1] 17
[1] 17
[1] 17
[1] 17
[1] 17
[1] 17
[1] 17
[1] 17
[1] 17
[1] 17
[1] 17
[1] 17
[1] 17
[1] 17
[1] 17
[1] 17
[1] 17
[1] 17
[1] 17
[1] 17
[1] 17
> for (i in seq(0, 50)) { cor(d$V1[(0+i):(length(x)+i)], x)}
Error in cor(d$V1[(0 + i):(length(x) + i)], x) : incompatible dimensions
> length(x)
[1] 16
> for (i in seq(0, 50)) { cor(d$V1[(0+i):(length(x)+i-1)], x)}
Error in cor(d$V1[(0 + i):(length(x) + i - 1)], x) : 
  incompatible dimensions
> for (i in seq(0, 50)) { cor(d$V1[(0+i):(xl+i-1)], x) }
Error in cor(d$V1[(0 + i):(xl + i - 1)], x) : incompatible dimensions
> for (i in seq(0, 50)) { cor(d$V1[(0+i):(xl+i-1)], x)}
Error in cor(d$V1[(0 + i):(xl + i - 1)], x) : incompatible dimensions
> for (i in seq(0, 50)) { cor(d$V1[0:16], x)}
> ;
Error: unexpected ';' in ";"
> for (i in seq(0, 50)) { print(cor(d$V1[0:16], x))}
[1] 0.07418928
[1] 0.07418928
[1] 0.07418928
[1] 0.07418928
[1] 0.07418928
[1] 0.07418928
[1] 0.07418928
[1] 0.07418928
[1] 0.07418928
[1] 0.07418928
[1] 0.07418928
[1] 0.07418928
[1] 0.07418928
[1] 0.07418928
[1] 0.07418928
[1] 0.07418928
[1] 0.07418928
[1] 0.07418928
[1] 0.07418928
[1] 0.07418928
[1] 0.07418928
[1] 0.07418928
[1] 0.07418928
[1] 0.07418928
[1] 0.07418928
[1] 0.07418928
[1] 0.07418928
[1] 0.07418928
[1] 0.07418928
[1] 0.07418928
[1] 0.07418928
[1] 0.07418928
[1] 0.07418928
[1] 0.07418928
[1] 0.07418928
[1] 0.07418928
[1] 0.07418928
[1] 0.07418928
[1] 0.07418928
[1] 0.07418928
[1] 0.07418928
[1] 0.07418928
[1] 0.07418928
[1] 0.07418928
[1] 0.07418928
[1] 0.07418928
[1] 0.07418928
[1] 0.07418928
[1] 0.07418928
[1] 0.07418928
[1] 0.07418928
> for (i in seq(0, 50)) { print(cor(d$V1[0+i:16+i], x))}
[1] 0.07418928
[1] 0.0969843
Error in cor(d$V1[0 + i:16 + i], x) : incompatible dimensions
> for (i in seq(0, 50)) { print(cor(d$V1[i:i+16], x))}
Error in cor(d$V1[i:i + 16], x) : incompatible dimensions
> for (i in seq(0, 50)) { print(cor(d$V1[i:(i+16)], x))}
[1] 0.07418928
Error in cor(d$V1[i:(i + 16)], x) : incompatible dimensions
> for (i in seq(0, 50)) { print(cor(d$V1[(i+0):(i+16)], x))}
[1] 0.07418928
Error in cor(d$V1[(i + 0):(i + 16)], x) : incompatible dimensions
> for (i in seq(0, 50)) { print(length(d$V1[(i+0):(i+16)]), length(x)))}
Error: unexpected ')' in "for (i in seq(0, 50)) { print(length(d$V1[(i+0):(i+16)]), length(x)))"
> for (i in seq(0, 50)) { print(length(d$V1[(i+0):(i+16)]), length(x))}
[1] 16
[1] 17
[1] 17
[1] 17
[1] 17
[1] 17
[1] 17
[1] 17
[1] 17
[1] 17
[1] 17
[1] 17
[1] 17
[1] 17
[1] 17
[1] 17
[1] 17
[1] 17
[1] 17
[1] 17
[1] 17
[1] 17
[1] 17
[1] 17
[1] 17
[1] 17
[1] 17
[1] 17
[1] 17
[1] 17
[1] 17
[1] 17
[1] 17
[1] 17
[1] 17
[1] 17
[1] 17
[1] 17
[1] 17
[1] 17
[1] 17
[1] 17
[1] 17
[1] 17
[1] 17
[1] 17
[1] 17
[1] 17
[1] 17
[1] 17
[1] 17
> for (i in seq(1, 50)) { print(length(d$V1[(i+0):(i+16)]), length(x))}
[1] 17
[1] 17
[1] 17
[1] 17
[1] 17
[1] 17
[1] 17
[1] 17
[1] 17
[1] 17
[1] 17
[1] 17
[1] 17
[1] 17
[1] 17
[1] 17
[1] 17
[1] 17
[1] 17
[1] 17
[1] 17
[1] 17
[1] 17
[1] 17
[1] 17
[1] 17
[1] 17
[1] 17
[1] 17
[1] 17
[1] 17
[1] 17
[1] 17
[1] 17
[1] 17
[1] 17
[1] 17
[1] 17
[1] 17
[1] 17
[1] 17
[1] 17
[1] 17
[1] 17
[1] 17
[1] 17
[1] 17
[1] 17
[1] 17
[1] 17
> for (i in seq(1, 50)) { print(cor(d$V1[(i+0):(i+16)], x))}
Error in cor(d$V1[(i + 0):(i + 16)], x) : incompatible dimensions
> for (i in seq(1, 50)) { print(cor(d$V1[(i+0):(i+17)], x))}
Error in cor(d$V1[(i + 0):(i + 17)], x) : incompatible dimensions
> for (i in seq(1, 50)) { print(cor(d$V1[(i+0):(i+15)], x))}
[1] 0.07418928
[1] 0.0969843
[1] 0.09338127
[1] 0.07277883
[1] 0.03332607
[1] -0.008816562
[1] -0.05057831
[1] -0.09747826
[1] -0.169122
[1] -0.3501625
[1] -0.6131966
[1] -0.7915735
[1] -0.7758164
[1] -0.4291118
[1] 0.3041981
[1] 0.881466
[1] 1
[1] 0.923303
[1] 0.7447243
[1] 0.5314757
[1] 0.3004565
[1] 0.06402397
[1] -0.1249554
[1] -0.2520726
[1] -0.3340533
[1] -0.4007382
[1] -0.4317861
[1] -0.4191595
[1] -0.3671632
[1] -0.2748896
[1] -0.165175
[1] -0.07697425
[1] -0.02022094
[1] 0.01104003
[1] 0.03245644
[1] 0.04147748
[1] 0.03812059
[1] 0.01234436
[1] -0.02831385
[1] -0.1009553
[1] -0.2290371
[1] -0.2448632
[1] -0.3750438
[1] -0.6498703
[1] -0.7874059
[1] -0.7456511
[1] -0.6035876
[1] -0.3997376
[1] 0.008431253
[1] 0.6458673
> len(d$V1)
Error: could not find function "len"
> length(d$V1)
[1] 235
> for (i in seq(1, 200)) { print(cor(d$V1[(i+0):(i+15)], x)})
Error: unexpected '}' in "for (i in seq(1, 200)) { print(cor(d$V1[(i+0):(i+15)], x)}"
> for (i in seq(1, 200)) { cor(d$V1[(i+0):(i+15)], x)})
Error: unexpected ')' in "for (i in seq(1, 200)) { cor(d$V1[(i+0):(i+15)], x)})"
> for (i in seq(1, 200)) { cor(d$V1[(i+0):(i+15)], x)}
> ;
Error: unexpected ';' in ";"
> ?mapply
> mapply(function(x) {x*3}, c(1,2,3))
[1] 3 6 9
> mapply(function(i) {cor(d$V1[(i+0):(i+15)], x)}, seq(1, 200))
  [1]  0.074189278  0.096984300  0.093381271  0.072778833  0.033326069
  [6] -0.008816562 -0.050578313 -0.097478264 -0.169121985 -0.350162489
 [11] -0.613196610 -0.791573545 -0.775816391 -0.429111762  0.304198057
 [16]  0.881466078  1.000000000  0.923303031  0.744724269  0.531475738
 [21]  0.300456474  0.064023973 -0.124955380 -0.252072591 -0.334053319
 [26] -0.400738189 -0.431786079 -0.419159464 -0.367163235 -0.274889629
 [31] -0.165174998 -0.076974246 -0.020220940  0.011040029  0.032456444
 [36]  0.041477480  0.038120590  0.012344361 -0.028313855 -0.100955350
 [41] -0.229037072 -0.244863155 -0.375043812 -0.649870257 -0.787405880
 [46] -0.745651115 -0.603587597 -0.399737555  0.008431253  0.645867305
 [51]  0.939614863  0.970548894  0.894659800  0.694048133  0.447367741
 [56]  0.180432095 -0.050557896 -0.267180452 -0.408669107 -0.467777847
 [61] -0.468876108 -0.414859657 -0.326036326 -0.210015661 -0.094313064
 [66] -0.003677258  0.044149370  0.056702105  0.042476667 -0.012172546
 [71] -0.120665898 -0.328384238 -0.682419710 -0.831515026 -0.780270929
 [76] -0.293084299  0.630225039  0.955598927  0.947774363  0.746645480
 [81]  0.454923316  0.181448193 -0.025479073 -0.187910433 -0.315009007
 [86] -0.404891092 -0.467226495 -0.466508057 -0.417440843 -0.326195147
 [91] -0.164014093  0.031859586  0.178023526  0.246601971  0.219793626
 [96]  0.105758375 -0.073959795 -0.267279803 -0.480373734 -0.651874489
[101] -0.688047710 -0.342382195  0.398801193  0.825698210  0.934149368
[106]  0.848791405  0.612264580  0.306392260  0.021591301 -0.211970537
[111] -0.373734862 -0.457225780 -0.469542910 -0.426383358 -0.342514531
[116] -0.227189321 -0.109528378 -0.005267639  0.060683656  0.083754724
[121]  0.081280642  0.054456429 -0.020048393 -0.169088440 -0.495882519
[126] -0.822442750 -0.829591130 -0.302905247  0.497027219  0.919346850
[131]  0.981164463  0.848558608  0.623039327  0.352710500  0.086500528
[136] -0.139810355 -0.297291440 -0.401724273 -0.445536319 -0.447239380
[141] -0.414293847 -0.344419389 -0.224071689 -0.078625891  0.046195893
[146]  0.128989254  0.184611464  0.201626777  0.118642021 -0.070525359
[151] -0.368024792 -0.667291787 -0.833450232 -0.795443691 -0.269692650
[156]  0.639211107  0.921707271  0.891189959  0.686397402  0.380289620
[161]  0.074462253 -0.179785940 -0.373821151 -0.460679299 -0.393554359
[166] -0.247844428 -0.093130599  0.006405437  0.016083875 -0.041083206
[171] -0.106340718 -0.147470504 -0.175262485 -0.218528951 -0.351311469
[176] -0.574444585 -0.668407626 -0.347159554  0.519922863  0.919061469
[181]  0.939282065  0.752052611  0.445259817  0.137868808 -0.146002644
[186] -0.339342586 -0.442423846 -0.485614358 -0.446975520 -0.333110649
[191] -0.154843978  0.047812907  0.174973059  0.158052881  0.056676737
[196] -0.068766264 -0.192915916 -0.311786907 -0.393855442 -0.463246820
> cv <- mapply(function(i) {cor(d$V1[(i+0):(i+15)], x)}, seq(1, 200))
> plot(cv)
> plot(cv, type="l")
> plot(cv, type="l")
> plot(cv, type="l")
> lines(d$V1, color="gray")
Warning message:
In plot.xy(xy.coords(x, y), type = type, ...) :
  "color" is not a graphical parameter
> lines(d$V1, col="gray")
> plot(cv, type="l", ylim=c(-5,20))
Warning message:
"color" is not a graphical parameter 
> lines(d$V1, col="gray")
> plot(cv, type="l", ylim=c(-5,20))
> plot(cv*10, type="l", ylim=c(-5,20))
> plot(cv, type="l", ylim=c(-5,20))
> plot(cv*10, type="l", ylim=c(-5,20))
> lines(d$V1, col="gray")
> c(1,2,3)
[1] 1 2 3
> c(1,2,3)[:]
Error: unexpected ':' in "c(1,2,3)[:"
> c(1,2,3)[3:1]
[1] 3 2 1
> cv
  [1]  0.074189278  0.096984300  0.093381271  0.072778833  0.033326069
  [6] -0.008816562 -0.050578313 -0.097478264 -0.169121985 -0.350162489
 [11] -0.613196610 -0.791573545 -0.775816391 -0.429111762  0.304198057
 [16]  0.881466078  1.000000000  0.923303031  0.744724269  0.531475738
 [21]  0.300456474  0.064023973 -0.124955380 -0.252072591 -0.334053319
 [26] -0.400738189 -0.431786079 -0.419159464 -0.367163235 -0.274889629
 [31] -0.165174998 -0.076974246 -0.020220940  0.011040029  0.032456444
 [36]  0.041477480  0.038120590  0.012344361 -0.028313855 -0.100955350
 [41] -0.229037072 -0.244863155 -0.375043812 -0.649870257 -0.787405880
 [46] -0.745651115 -0.603587597 -0.399737555  0.008431253  0.645867305
 [51]  0.939614863  0.970548894  0.894659800  0.694048133  0.447367741
 [56]  0.180432095 -0.050557896 -0.267180452 -0.408669107 -0.467777847
 [61] -0.468876108 -0.414859657 -0.326036326 -0.210015661 -0.094313064
 [66] -0.003677258  0.044149370  0.056702105  0.042476667 -0.012172546
 [71] -0.120665898 -0.328384238 -0.682419710 -0.831515026 -0.780270929
 [76] -0.293084299  0.630225039  0.955598927  0.947774363  0.746645480
 [81]  0.454923316  0.181448193 -0.025479073 -0.187910433 -0.315009007
 [86] -0.404891092 -0.467226495 -0.466508057 -0.417440843 -0.326195147
 [91] -0.164014093  0.031859586  0.178023526  0.246601971  0.219793626
 [96]  0.105758375 -0.073959795 -0.267279803 -0.480373734 -0.651874489
[101] -0.688047710 -0.342382195  0.398801193  0.825698210  0.934149368
[106]  0.848791405  0.612264580  0.306392260  0.021591301 -0.211970537
[111] -0.373734862 -0.457225780 -0.469542910 -0.426383358 -0.342514531
[116] -0.227189321 -0.109528378 -0.005267639  0.060683656  0.083754724
[121]  0.081280642  0.054456429 -0.020048393 -0.169088440 -0.495882519
[126] -0.822442750 -0.829591130 -0.302905247  0.497027219  0.919346850
[131]  0.981164463  0.848558608  0.623039327  0.352710500  0.086500528
[136] -0.139810355 -0.297291440 -0.401724273 -0.445536319 -0.447239380
[141] -0.414293847 -0.344419389 -0.224071689 -0.078625891  0.046195893
[146]  0.128989254  0.184611464  0.201626777  0.118642021 -0.070525359
[151] -0.368024792 -0.667291787 -0.833450232 -0.795443691 -0.269692650
[156]  0.639211107  0.921707271  0.891189959  0.686397402  0.380289620
[161]  0.074462253 -0.179785940 -0.373821151 -0.460679299 -0.393554359
[166] -0.247844428 -0.093130599  0.006405437  0.016083875 -0.041083206
[171] -0.106340718 -0.147470504 -0.175262485 -0.218528951 -0.351311469
[176] -0.574444585 -0.668407626 -0.347159554  0.519922863  0.919061469
[181]  0.939282065  0.752052611  0.445259817  0.137868808 -0.146002644
[186] -0.339342586 -0.442423846 -0.485614358 -0.446975520 -0.333110649
[191] -0.154843978  0.047812907  0.174973059  0.158052881  0.056676737
[196] -0.068766264 -0.192915916 -0.311786907 -0.393855442 -0.463246820
> x
 [1]  0.57205460  0.23154591 -0.04086104 -0.38136974 -0.42223078 -0.50395286
 [7] -0.69463770 -1.18497030 -2.22011660 -3.59577180 -5.13487100 -5.78864770
[13] -2.72406960  1.92046900  9.61596600 15.66340000
> xl
[1] 16
> plot(x)
> 16**2
[1] 256
> 16*log(16)
[1] 44.36142
> x
 [1]  0.57205460  0.23154591 -0.04086104 -0.38136974 -0.42223078 -0.50395286
 [7] -0.69463770 -1.18497030 -2.22011660 -3.59577180 -5.13487100 -5.78864770
[13] -2.72406960  1.92046900  9.61596600 15.66340000
> unlist
function (x, recursive = TRUE, use.names = TRUE) 
{
    if (.Internal(islistfactor(x, recursive))) {
        lv <- unique(.Internal(unlist(lapply(x, levels), recursive, 
            FALSE)))
        nm <- if (use.names) 
            names(.Internal(unlist(x, recursive, use.names)))
        res <- .Internal(unlist(lapply(x, as.character), recursive, 
            FALSE))
        res <- match(res, lv)
        structure(res, levels = lv, names = nm, class = "factor")
    }
    else .Internal(unlist(x, recursive, use.names))
}
<environment: namespace:base>
> ?unlist
> ?paste
> paste(x)
 [1] "0.5720546"    "0.23154591"   "-0.040861044" "-0.38136974"  "-0.42223078" 
 [6] "-0.50395286"  "-0.6946377"   "-1.1849703"   "-2.2201166"   "-3.5957718"  
[11] "-5.134871"    "-5.7886477"   "-2.7240696"   "1.920469"     "9.615966"    
[16] "15.6634"     
> paste(x, sep=",")
 [1] "0.5720546"    "0.23154591"   "-0.040861044" "-0.38136974"  "-0.42223078" 
 [6] "-0.50395286"  "-0.6946377"   "-1.1849703"   "-2.2201166"   "-3.5957718"  
[11] "-5.134871"    "-5.7886477"   "-2.7240696"   "1.920469"     "9.615966"    
[16] "15.6634"     
> paste(unlist(x), sep=",")
 [1] "0.5720546"    "0.23154591"   "-0.040861044" "-0.38136974"  "-0.42223078" 
 [6] "-0.50395286"  "-0.6946377"   "-1.1849703"   "-2.2201166"   "-3.5957718"  
[11] "-5.134871"    "-5.7886477"   "-2.7240696"   "1.920469"     "9.615966"    
[16] "15.6634"     
>
> ?write.csv
> write.csv(x, "")
"","x"
"1",0.5720546
"2",0.23154591
"3",-0.040861044
"4",-0.38136974
"5",-0.42223078
"6",-0.50395286
"7",-0.6946377
"8",-1.1849703
"9",-2.2201166
"10",-3.5957718
"11",-5.134871
"12",-5.7886477
"13",-2.7240696
"14",1.920469
"15",9.615966
"16",15.6634
> ?do.call
> do.call("paste", x)
Error in do.call("paste", x) : second argument must be a list
> do.call("paste", c(x))
Error in do.call("paste", c(x)) : second argument must be a list
> c(c)
[[1]]
function (..., recursive = FALSE)  .Primitive("c")

> c(x)
 [1]  0.57205460  0.23154591 -0.04086104 -0.38136974 -0.42223078 -0.50395286
 [7] -0.69463770 -1.18497030 -2.22011660 -3.59577180 -5.13487100 -5.78864770
[13] -2.72406960  1.92046900  9.61596600 15.66340000
> list(x)
[[1]]
 [1]  0.57205460  0.23154591 -0.04086104 -0.38136974 -0.42223078 -0.50395286
 [7] -0.69463770 -1.18497030 -2.22011660 -3.59577180 -5.13487100 -5.78864770
[13] -2.72406960  1.92046900  9.61596600 15.66340000

> ?list
> as.list(x)
[[1]]
[1] 0.5720546

[[2]]
[1] 0.2315459

[[3]]
[1] -0.04086104

[[4]]
[1] -0.3813697

[[5]]
[1] -0.4222308

[[6]]
[1] -0.5039529

[[7]]
[1] -0.6946377

[[8]]
[1] -1.184970

[[9]]
[1] -2.220117

[[10]]
[1] -3.595772

[[11]]
[1] -5.134871

[[12]]
[1] -5.788648

[[13]]
[1] -2.724070

[[14]]
[1] 1.920469

[[15]]
[1] 9.615966

[[16]]
[1] 15.6634

> as.list(x$V1)
Error in x$V1 : $ operator is invalid for atomic vectors
> x
 [1]  0.57205460  0.23154591 -0.04086104 -0.38136974 -0.42223078 -0.50395286
 [7] -0.69463770 -1.18497030 -2.22011660 -3.59577180 -5.13487100 -5.78864770
[13] -2.72406960  1.92046900  9.61596600 15.66340000
> list(d$V1)
[[1]]
  [1] 18.95952400 19.08210800 16.86199000 13.21173800  9.84751100  5.89761070
  [7]  2.79217120 -0.88532263 -3.17354100 -3.56853100 -3.56853100 -3.02371720
 [13] -1.92046900 -0.57205460  0.19068487  0.65377670  0.57205460  0.23154591
 [19] -0.04086104 -0.38136974 -0.42223078 -0.50395286 -0.69463770 -1.18497030
 [25] -2.22011660 -3.59577180 -5.13487100 -5.78864770 -2.72406960  1.92046900
 [31]  9.61596600 15.66340000 17.50214800 17.27060100 16.69854500 14.05619900
 [37] 10.31060300  7.81807950  5.78864770  3.56853100  0.76273950 -0.57205460
 [43] -0.88532263 -0.76273950 -0.50395286  0.10896278  0.50395286  0.76273950
 [49]  0.76273950  0.95342433  0.84446156  0.69463770  0.42223078  0.34050870
 [55]  0.23154591  0.14982383  0.10896278 -0.34050870 -1.14410920 -1.75702490
 [61] -1.94770970 -1.92046900 -1.60720100 -0.23154591  2.34269980  9.65682700
 [67] 18.15592400 17.50214800 15.78598300 14.24688300 11.34575000  8.62168000
 [73]  4.44023300  2.26097770  0.69463770 -0.50395286 -0.65377670 -0.19068487
 [79]  0.95342433  1.72978410  2.26097770  2.34269980  2.17925570  1.79788590
 [85]  0.92618364  0.00000000 -1.22583130 -2.64234760 -4.29040960 -4.82160330
 [91]  0.10896278  9.95647400 18.61901500 17.69283100 15.63615900 12.91208900
 [97] 11.26402800  9.19373500  6.23811900  3.17354100  0.50395286 -2.30183890
[103] -3.06457830 -3.36422590 -2.60148640  0.23154591  2.95561550  4.39937200
[109]  4.14058600  2.98285600  1.53909930 -0.08172209 -1.26669230 -3.02371720
[115] -5.09401000 -6.36070250 -0.99428540  7.77721830 13.21173800 17.16163800
[121] 18.04696000 14.94152200 11.26402800  8.30841300  4.90332500  1.68892310
[127] -0.76273950 -2.13839460 -2.56062530 -1.98857080 -0.57205460  0.38136974
[133]  1.14410920  1.64806210  1.56634000  1.33479400  0.80360050 -0.08172209
[139] -1.14410920 -3.17354100 -5.74778650 -5.78864770 -0.08172209  5.97933240
[145] 15.47271500 19.50433700 18.80970000 17.35232400 14.41032800 10.92351900
[151]  7.31412650  4.56281660  1.41651620 -0.53119355 -2.17925570 -2.83303240
[157] -2.26097770 -0.46309182  1.11686850  2.49252370  3.33698500  3.94990090
[163]  3.71835500  1.68892310 -0.04086104 -1.92046900 -4.05886360 -7.27326600
[169] -8.00876400  0.69463770 16.93009200 19.57244000 19.57244000 17.39318500
[175] 13.44328300  9.34355800  5.28469500  0.65377670 -1.64806210  0.72187840
[181]  2.95561550  4.82160330  5.09401000  3.63663300  1.98857080  0.95342433
[187]  0.57205460 -0.08172209 -1.11686850 -3.52767010 -6.78293300 -7.31412650
[193] -1.18497030 12.25831300 19.50433700 19.53157800 17.31146200 13.33432000
[199] 10.22888100  5.21659330  2.07029300 -0.91256330 -3.86817880 -4.01800250
[205] -1.98857080  1.79788590  5.17573200  5.13487100  2.91475440  1.11686850
[211] -0.46309182 -1.64806210 -2.79217120 -3.40508700 -4.37213200 -5.28469500
[217] -4.56281660 -0.23154591  4.37213200 17.58386800 18.57815400 16.16735300
[223] 12.44899750  9.72492800  6.02019360  0.23154591 -1.94770970 -3.17354100
[229] -3.78645660 -3.44594800 -2.17925570 -0.65377670  0.34050870  1.30755340
[235]  1.92046900

> as.list(d$V1)
[[1]]
[1] 18.95952

[[2]]
[1] 19.08211

[[3]]
[1] 16.86199

[[4]]
[1] 13.21174

[[5]]
[1] 9.847511

[[6]]
[1] 5.897611

[[7]]
[1] 2.792171

[[8]]
[1] -0.8853226

[[9]]
[1] -3.173541

[[10]]
[1] -3.568531

[[11]]
[1] -3.568531

[[12]]
[1] -3.023717

[[13]]
[1] -1.920469

[[14]]
[1] -0.5720546

[[15]]
[1] 0.1906849

[[16]]
[1] 0.6537767

[[17]]
[1] 0.5720546

[[18]]
[1] 0.2315459

[[19]]
[1] -0.04086104

[[20]]
[1] -0.3813697

[[21]]
[1] -0.4222308

[[22]]
[1] -0.5039529

[[23]]
[1] -0.6946377

[[24]]
[1] -1.184970

[[25]]
[1] -2.220117

[[26]]
[1] -3.595772

[[27]]
[1] -5.134871

[[28]]
[1] -5.788648

[[29]]
[1] -2.724070

[[30]]
[1] 1.920469

[[31]]
[1] 9.615966

[[32]]
[1] 15.6634

[[33]]
[1] 17.50215

[[34]]
[1] 17.2706

[[35]]
[1] 16.69854

[[36]]
[1] 14.0562

[[37]]
[1] 10.31060

[[38]]
[1] 7.81808

[[39]]
[1] 5.788648

[[40]]
[1] 3.568531

[[41]]
[1] 0.7627395

[[42]]
[1] -0.5720546

[[43]]
[1] -0.8853226

[[44]]
[1] -0.7627395

[[45]]
[1] -0.5039529

[[46]]
[1] 0.1089628

[[47]]
[1] 0.5039529

[[48]]
[1] 0.7627395

[[49]]
[1] 0.7627395

[[50]]
[1] 0.9534243

[[51]]
[1] 0.8444616

[[52]]
[1] 0.6946377

[[53]]
[1] 0.4222308

[[54]]
[1] 0.3405087

[[55]]
[1] 0.2315459

[[56]]
[1] 0.1498238

[[57]]
[1] 0.1089628

[[58]]
[1] -0.3405087

[[59]]
[1] -1.144109

[[60]]
[1] -1.757025

[[61]]
[1] -1.947710

[[62]]
[1] -1.920469

[[63]]
[1] -1.607201

[[64]]
[1] -0.2315459

[[65]]
[1] 2.3427

[[66]]
[1] 9.656827

[[67]]
[1] 18.15592

[[68]]
[1] 17.50215

[[69]]
[1] 15.78598

[[70]]
[1] 14.24688

[[71]]
[1] 11.34575

[[72]]
[1] 8.62168

[[73]]
[1] 4.440233

[[74]]
[1] 2.260978

[[75]]
[1] 0.6946377

[[76]]
[1] -0.5039529

[[77]]
[1] -0.6537767

[[78]]
[1] -0.1906849

[[79]]
[1] 0.9534243

[[80]]
[1] 1.729784

[[81]]
[1] 2.260978

[[82]]
[1] 2.3427

[[83]]
[1] 2.179256

[[84]]
[1] 1.797886

[[85]]
[1] 0.9261836

[[86]]
[1] 0

[[87]]
[1] -1.225831

[[88]]
[1] -2.642348

[[89]]
[1] -4.29041

[[90]]
[1] -4.821603

[[91]]
[1] 0.1089628

[[92]]
[1] 9.956474

[[93]]
[1] 18.61902

[[94]]
[1] 17.69283

[[95]]
[1] 15.63616

[[96]]
[1] 12.91209

[[97]]
[1] 11.26403

[[98]]
[1] 9.193735

[[99]]
[1] 6.238119

[[100]]
[1] 3.173541

[[101]]
[1] 0.5039529

[[102]]
[1] -2.301839

[[103]]
[1] -3.064578

[[104]]
[1] -3.364226

[[105]]
[1] -2.601486

[[106]]
[1] 0.2315459

[[107]]
[1] 2.955615

[[108]]
[1] 4.399372

[[109]]
[1] 4.140586

[[110]]
[1] 2.982856

[[111]]
[1] 1.539099

[[112]]
[1] -0.08172209

[[113]]
[1] -1.266692

[[114]]
[1] -3.023717

[[115]]
[1] -5.09401

[[116]]
[1] -6.360703

[[117]]
[1] -0.9942854

[[118]]
[1] 7.777218

[[119]]
[1] 13.21174

[[120]]
[1] 17.16164

[[121]]
[1] 18.04696

[[122]]
[1] 14.94152

[[123]]
[1] 11.26403

[[124]]
[1] 8.308413

[[125]]
[1] 4.903325

[[126]]
[1] 1.688923

[[127]]
[1] -0.7627395

[[128]]
[1] -2.138395

[[129]]
[1] -2.560625

[[130]]
[1] -1.988571

[[131]]
[1] -0.5720546

[[132]]
[1] 0.3813697

[[133]]
[1] 1.144109

[[134]]
[1] 1.648062

[[135]]
[1] 1.56634

[[136]]
[1] 1.334794

[[137]]
[1] 0.8036005

[[138]]
[1] -0.08172209

[[139]]
[1] -1.144109

[[140]]
[1] -3.173541

[[141]]
[1] -5.747787

[[142]]
[1] -5.788648

[[143]]
[1] -0.08172209

[[144]]
[1] 5.979332

[[145]]
[1] 15.47272

[[146]]
[1] 19.50434

[[147]]
[1] 18.8097

[[148]]
[1] 17.35232

[[149]]
[1] 14.41033

[[150]]
[1] 10.92352

[[151]]
[1] 7.314127

[[152]]
[1] 4.562817

[[153]]
[1] 1.416516

[[154]]
[1] -0.5311936

[[155]]
[1] -2.179256

[[156]]
[1] -2.833032

[[157]]
[1] -2.260978

[[158]]
[1] -0.4630918

[[159]]
[1] 1.116869

[[160]]
[1] 2.492524

[[161]]
[1] 3.336985

[[162]]
[1] 3.949901

[[163]]
[1] 3.718355

[[164]]
[1] 1.688923

[[165]]
[1] -0.04086104

[[166]]
[1] -1.920469

[[167]]
[1] -4.058864

[[168]]
[1] -7.273266

[[169]]
[1] -8.008764

[[170]]
[1] 0.6946377

[[171]]
[1] 16.93009

[[172]]
[1] 19.57244

[[173]]
[1] 19.57244

[[174]]
[1] 17.39318

[[175]]
[1] 13.44328

[[176]]
[1] 9.343558

[[177]]
[1] 5.284695

[[178]]
[1] 0.6537767

[[179]]
[1] -1.648062

[[180]]
[1] 0.7218784

[[181]]
[1] 2.955615

[[182]]
[1] 4.821603

[[183]]
[1] 5.09401

[[184]]
[1] 3.636633

[[185]]
[1] 1.988571

[[186]]
[1] 0.9534243

[[187]]
[1] 0.5720546

[[188]]
[1] -0.08172209

[[189]]
[1] -1.116869

[[190]]
[1] -3.52767

[[191]]
[1] -6.782933

[[192]]
[1] -7.314127

[[193]]
[1] -1.184970

[[194]]
[1] 12.25831

[[195]]
[1] 19.50434

[[196]]
[1] 19.53158

[[197]]
[1] 17.31146

[[198]]
[1] 13.33432

[[199]]
[1] 10.22888

[[200]]
[1] 5.216593

[[201]]
[1] 2.070293

[[202]]
[1] -0.9125633

[[203]]
[1] -3.868179

[[204]]
[1] -4.018002

[[205]]
[1] -1.988571

[[206]]
[1] 1.797886

[[207]]
[1] 5.175732

[[208]]
[1] 5.134871

[[209]]
[1] 2.914754

[[210]]
[1] 1.116869

[[211]]
[1] -0.4630918

[[212]]
[1] -1.648062

[[213]]
[1] -2.792171

[[214]]
[1] -3.405087

[[215]]
[1] -4.372132

[[216]]
[1] -5.284695

[[217]]
[1] -4.562817

[[218]]
[1] -0.2315459

[[219]]
[1] 4.372132

[[220]]
[1] 17.58387

[[221]]
[1] 18.57815

[[222]]
[1] 16.16735

[[223]]
[1] 12.44900

[[224]]
[1] 9.724928

[[225]]
[1] 6.020194

[[226]]
[1] 0.2315459

[[227]]
[1] -1.947710

[[228]]
[1] -3.173541

[[229]]
[1] -3.786457

[[230]]
[1] -3.445948

[[231]]
[1] -2.179256

[[232]]
[1] -0.6537767

[[233]]
[1] 0.3405087

[[234]]
[1] 1.307553

[[235]]
[1] 1.920469

> list(d$V1)
[[1]]
  [1] 18.95952400 19.08210800 16.86199000 13.21173800  9.84751100  5.89761070
  [7]  2.79217120 -0.88532263 -3.17354100 -3.56853100 -3.56853100 -3.02371720
 [13] -1.92046900 -0.57205460  0.19068487  0.65377670  0.57205460  0.23154591
 [19] -0.04086104 -0.38136974 -0.42223078 -0.50395286 -0.69463770 -1.18497030
 [25] -2.22011660 -3.59577180 -5.13487100 -5.78864770 -2.72406960  1.92046900
 [31]  9.61596600 15.66340000 17.50214800 17.27060100 16.69854500 14.05619900
 [37] 10.31060300  7.81807950  5.78864770  3.56853100  0.76273950 -0.57205460
 [43] -0.88532263 -0.76273950 -0.50395286  0.10896278  0.50395286  0.76273950
 [49]  0.76273950  0.95342433  0.84446156  0.69463770  0.42223078  0.34050870
 [55]  0.23154591  0.14982383  0.10896278 -0.34050870 -1.14410920 -1.75702490
 [61] -1.94770970 -1.92046900 -1.60720100 -0.23154591  2.34269980  9.65682700
 [67] 18.15592400 17.50214800 15.78598300 14.24688300 11.34575000  8.62168000
 [73]  4.44023300  2.26097770  0.69463770 -0.50395286 -0.65377670 -0.19068487
 [79]  0.95342433  1.72978410  2.26097770  2.34269980  2.17925570  1.79788590
 [85]  0.92618364  0.00000000 -1.22583130 -2.64234760 -4.29040960 -4.82160330
 [91]  0.10896278  9.95647400 18.61901500 17.69283100 15.63615900 12.91208900
 [97] 11.26402800  9.19373500  6.23811900  3.17354100  0.50395286 -2.30183890
[103] -3.06457830 -3.36422590 -2.60148640  0.23154591  2.95561550  4.39937200
[109]  4.14058600  2.98285600  1.53909930 -0.08172209 -1.26669230 -3.02371720
[115] -5.09401000 -6.36070250 -0.99428540  7.77721830 13.21173800 17.16163800
[121] 18.04696000 14.94152200 11.26402800  8.30841300  4.90332500  1.68892310
[127] -0.76273950 -2.13839460 -2.56062530 -1.98857080 -0.57205460  0.38136974
[133]  1.14410920  1.64806210  1.56634000  1.33479400  0.80360050 -0.08172209
[139] -1.14410920 -3.17354100 -5.74778650 -5.78864770 -0.08172209  5.97933240
[145] 15.47271500 19.50433700 18.80970000 17.35232400 14.41032800 10.92351900
[151]  7.31412650  4.56281660  1.41651620 -0.53119355 -2.17925570 -2.83303240
[157] -2.26097770 -0.46309182  1.11686850  2.49252370  3.33698500  3.94990090
[163]  3.71835500  1.68892310 -0.04086104 -1.92046900 -4.05886360 -7.27326600
[169] -8.00876400  0.69463770 16.93009200 19.57244000 19.57244000 17.39318500
[175] 13.44328300  9.34355800  5.28469500  0.65377670 -1.64806210  0.72187840
[181]  2.95561550  4.82160330  5.09401000  3.63663300  1.98857080  0.95342433
[187]  0.57205460 -0.08172209 -1.11686850 -3.52767010 -6.78293300 -7.31412650
[193] -1.18497030 12.25831300 19.50433700 19.53157800 17.31146200 13.33432000
[199] 10.22888100  5.21659330  2.07029300 -0.91256330 -3.86817880 -4.01800250
[205] -1.98857080  1.79788590  5.17573200  5.13487100  2.91475440  1.11686850
[211] -0.46309182 -1.64806210 -2.79217120 -3.40508700 -4.37213200 -5.28469500
[217] -4.56281660 -0.23154591  4.37213200 17.58386800 18.57815400 16.16735300
[223] 12.44899750  9.72492800  6.02019360  0.23154591 -1.94770970 -3.17354100
[229] -3.78645660 -3.44594800 -2.17925570 -0.65377670  0.34050870  1.30755340
[235]  1.92046900

> do.call("paste", list(x))
 [1] "0.5720546"    "0.23154591"   "-0.040861044" "-0.38136974"  "-0.42223078" 
 [6] "-0.50395286"  "-0.6946377"   "-1.1849703"   "-2.2201166"   "-3.5957718"  
[11] "-5.134871"    "-5.7886477"   "-2.7240696"   "1.920469"     "9.615966"    
[16] "15.6634"     
> do.call("paste", as.list(x))
[1] "0.5720546 0.23154591 -0.040861044 -0.38136974 -0.42223078 -0.50395286 -0.6946377 -1.1849703 -2.2201166 -3.5957718 -5.134871 -5.7886477 -2.7240696 1.920469 9.615966 15.6634"
> do.call("paste", as.list(d$V1))
[1] "18.959524 19.082108 16.86199 13.211738 9.847511 5.8976107 2.7921712 -0.88532263 -3.173541 -3.568531 -3.568531 -3.0237172 -1.920469 -0.5720546 0.19068487 0.6537767 0.5720546 0.23154591 -0.040861044 -0.38136974 -0.42223078 -0.50395286 -0.6946377 -1.1849703 -2.2201166 -3.5957718 -5.134871 -5.7886477 -2.7240696 1.920469 9.615966 15.6634 17.502148 17.270601 16.698545 14.056199 10.310603 7.8180795 5.7886477 3.568531 0.7627395 -0.5720546 -0.88532263 -0.7627395 -0.50395286 0.10896278 0.50395286 0.7627395 0.7627395 0.95342433 0.84446156 0.6946377 0.42223078 0.3405087 0.23154591 0.14982383 0.10896278 -0.3405087 -1.1441092 -1.7570249 -1.9477097 -1.920469 -1.607201 -0.23154591 2.3426998 9.656827 18.155924 17.502148 15.785983 14.246883 11.34575 8.62168 4.440233 2.2609777 0.6946377 -0.50395286 -0.6537767 -0.19068487 0.95342433 1.7297841 2.2609777 2.3426998 2.1792557 1.7978859 0.92618364 0 -1.2258313 -2.6423476 -4.2904096 -4.8216033 0.10896278 9.956474 18.619015 17.692831 15.636159 12.912089 11.264028 9.193735 6.238119 3.173541 0.50395286 -2.3018389 -3.0645783 -3.3642259 -2.6014864 0.23154591 2.9556155 4.399372 4.140586 2.982856 1.5390993 -0.08172209 -1.2666923 -3.0237172 -5.09401 -6.3607025 -0.9942854 7.7772183 13.211738 17.161638 18.04696 14.941522 11.264028 8.308413 4.903325 1.6889231 -0.7627395 -2.1383946 -2.5606253 -1.9885708 -0.5720546 0.38136974 1.1441092 1.6480621 1.56634 1.334794 0.8036005 -0.08172209 -1.1441092 -3.173541 -5.7477865 -5.7886477 -0.08172209 5.9793324 15.472715 19.504337 18.8097 17.352324 14.410328 10.923519 7.3141265 4.5628166 1.4165162 -0.53119355 -2.1792557 -2.8330324 -2.2609777 -0.46309182 1.1168685 2.4925237 3.336985 3.9499009 3.718355 1.6889231 -0.040861044 -1.920469 -4.0588636 -7.273266 -8.008764 0.6946377 16.930092 19.57244 19.57244 17.393185 13.443283 9.343558 5.284695 0.6537767 -1.6480621 0.7218784 2.9556155 4.8216033 5.09401 3.636633 1.9885708 0.95342433 0.5720546 -0.08172209 -1.1168685 -3.5276701 -6.782933 -7.3141265 -1.1849703 12.258313 19.504337 19.531578 17.311462 13.33432 10.228881 5.2165933 2.070293 -0.9125633 -3.8681788 -4.0180025 -1.9885708 1.7978859 5.175732 5.134871 2.9147544 1.1168685 -0.46309182 -1.6480621 -2.7921712 -3.405087 -4.372132 -5.284695 -4.5628166 -0.23154591 4.372132 17.583868 18.578154 16.167353 12.4489975 9.724928 6.0201936 0.23154591 -1.9477097 -3.173541 -3.7864566 -3.445948 -2.1792557 -0.6537767 0.3405087 1.3075534 1.920469"
> do.call("paste", as.list(cv))
[1] "0.0741892775013239 0.0969842999131026 0.0933812710169455 0.0727788332679135 0.0333260694249636 -0.00881656223008981 -0.0505783129510797 -0.0974782639816743 -0.169121985435048 -0.350162488764313 -0.613196609824854 -0.791573544600266 -0.775816391273654 -0.429111762383782 0.304198057367347 0.881466078136608 1 0.9233030307878 0.744724268733321 0.531475737821427 0.300456474450778 0.0640239734065337 -0.124955380472398 -0.252072591178285 -0.334053318932593 -0.400738189443336 -0.431786079024283 -0.419159463549103 -0.367163235354656 -0.274889628962424 -0.165174997693692 -0.0769742457485646 -0.0202209397951973 0.0110400291630161 0.0324564443775355 0.0414774797350402 0.0381205899067975 0.0123443608574966 -0.0283138545038504 -0.100955349644358 -0.229037071660058 -0.244863155388556 -0.375043811859986 -0.649870256742638 -0.787405880284707 -0.74565111545707 -0.603587597226532 -0.399737554612445 0.00843125292375155 0.645867305219743 0.93961486306683 0.970548893643769 0.894659799574713 0.694048132810668 0.447367741355874 0.180432094855538 -0.0505578957057011 -0.267180451895318 -0.408669107193646 -0.467777847096532 -0.468876108363662 -0.414859656991948 -0.326036325919469 -0.210015661464157 -0.094313064412022 -0.00367725751524557 0.0441493702326786 0.0567021051958998 0.0424766666817987 -0.0121725464900382 -0.120665898150072 -0.328384238083338 -0.682419710221593 -0.83151502578876 -0.78027092900499 -0.293084298659263 0.630225038971635 0.955598927223736 0.94777436286255 0.74664548029565 0.454923316179305 0.181448193440773 -0.0254790730315941 -0.187910432940416 -0.315009006982612 -0.404891091944329 -0.467226494520716 -0.466508056577847 -0.417440842677731 -0.326195146589954 -0.164014093326021 0.0318595861642752 0.178023526398356 0.246601971299445 0.219793625513211 0.105758375122974 -0.0739597947405195 -0.267279802756424 -0.480373733776774 -0.65187448856812 -0.688047710493385 -0.342382194540397 0.398801193308633 0.825698209976876 0.934149367714544 0.84879140485506 0.612264580103528 0.306392259561313 0.0215913011238330 -0.211970536838169 -0.373734861612564 -0.457225779992182 -0.469542909858788 -0.426383358219855 -0.342514531271569 -0.227189321123297 -0.109528378337310 -0.00526763895096973 0.0606836556150698 0.0837547235515376 0.0812806419473245 0.0544564291060001 -0.0200483927960922 -0.169088440255607 -0.495882519144687 -0.822442750413574 -0.829591129566634 -0.302905247351228 0.49702721900057 0.919346850121153 0.98116446324702 0.84855860839133 0.623039326980349 0.352710499702332 0.086500528038817 -0.139810354883184 -0.297291439781288 -0.401724273008863 -0.4455363186427 -0.447239380325021 -0.414293847393010 -0.344419388713946 -0.224071689030451 -0.0786258913101617 0.0461958927598707 0.128989254083356 0.184611463927043 0.201626776530349 0.118642021161978 -0.0705253587761089 -0.368024792007131 -0.667291787241856 -0.833450231852931 -0.795443691418677 -0.269692649947975 0.639211107057204 0.92170727130822 0.891189958827095 0.686397402120115 0.3802896196154 0.0744622531642194 -0.179785940094832 -0.373821150922309 -0.460679299373165 -0.393554359385989 -0.247844427679338 -0.09313059871553 0.00640543689722977 0.0160838749242453 -0.0410832063945593 -0.106340718001581 -0.147470504398901 -0.175262485262684 -0.21852895149284 -0.351311469111672 -0.574444584911983 -0.668407625972674 -0.347159554000406 0.519922863142949 0.919061469279412 0.939282065392438 0.752052611362018 0.445259817356468 0.137868808149475 -0.146002644206114 -0.339342586221625 -0.442423845520106 -0.485614357847952 -0.446975520037362 -0.333110649211994 -0.154843978249516 0.047812906691542 0.174973058885154 0.158052881396577 0.0566767373610263 -0.0687662636449252 -0.192915915978912 -0.311786907391235 -0.39385544230703 -0.463246819832025"
> cv2 <- mapply(function(i) {cor(d$V1[(i+0):(i+15)], x, method="kendall")}, seq(1, 200))
> cv2
  [1]  0.560674364  0.510464719  0.410045430  0.259416497  0.075314467
  [6] -0.108787563 -0.259416497 -0.393308882 -0.443518527 -0.443518527
 [11] -0.400000000 -0.300000000 -0.116666667  0.116666667  0.500000000
 [16]  0.783333333  1.000000000  0.800000000  0.600000000  0.400000000
 [21]  0.183333333 -0.033333333 -0.233333333 -0.366666667 -0.433333333
 [26] -0.450000000 -0.416666667 -0.350000000 -0.200000000  0.000000000
 [31]  0.233333333  0.416666667  0.543937816  0.531688168  0.514809178
 [36]  0.447293220  0.295382315  0.092834442 -0.160350400 -0.346019284
 [41] -0.430414231 -0.470604852 -0.436990220 -0.386568271 -0.268917058
 [46] -0.084036581  0.108787563  0.242679949  0.383333333  0.666666667
 [51]  0.866666667  0.883333333  0.666666667  0.450000000  0.233333333
 [56]  0.016666667 -0.183333333 -0.350000000 -0.450000000 -0.483333333
 [61] -0.483333333 -0.400000000 -0.250000000 -0.016666667  0.216666667
 [66]  0.460255075  0.577410912  0.510464719  0.393308882  0.192470304
 [71] -0.025104822 -0.259416497 -0.393308882 -0.493728171 -0.466666667
 [76] -0.216666667  0.166666667  0.533333333  0.783333333  0.633333333
 [81]  0.466666667  0.250000000  0.033333333 -0.150000000 -0.266666667
 [86] -0.316666667 -0.350000000 -0.333333333 -0.266666667 -0.116666667
 [91]  0.116666667  0.366666667  0.583333333  0.616666667  0.533333333
 [96]  0.366666667  0.133333333 -0.066666667 -0.266666667 -0.400000000
[101] -0.500000000 -0.350000000  0.016666667  0.400000000  0.700000000
[106]  0.650000000  0.516666667  0.333333333  0.100000000 -0.150000000
[111] -0.300000000 -0.400000000 -0.433333333 -0.400000000 -0.316666667
[116] -0.116666667  0.133333333  0.366666667  0.483333333  0.483333333
[121]  0.416666667  0.283333333  0.100000000 -0.116666667 -0.350000000
[126] -0.516666667 -0.616666667 -0.343099238  0.058577919  0.443518527
[131]  0.711303297  0.627620557  0.493728171  0.309626141  0.075314467
[136] -0.125524111 -0.276153045 -0.359835786 -0.416666667 -0.400000000
[141] -0.350000000 -0.216666667  0.000000000  0.250000000  0.483333333
[146]  0.600000000  0.583333333  0.500000000  0.350000000  0.133333333
[151] -0.150000000 -0.450000000 -0.616666667 -0.633333333 -0.350000000
[156]  0.033333333  0.416666667  0.661093653  0.560674364  0.393308882
[161]  0.192470304 -0.008368274 -0.209206852 -0.326362689 -0.309626141
[166] -0.209206852 -0.075314467  0.075314467  0.175733756  0.225943400
[171]  0.225943400  0.092051015 -0.016666667 -0.100000000 -0.133333333
[176] -0.166666667 -0.200000000 -0.133333333  0.233333333  0.616666667
[181]  0.933333333  0.750000000  0.533333333  0.283333333  0.033333333
[186] -0.150000000 -0.266666667 -0.366666667 -0.400000000 -0.333333333
[191] -0.133333333  0.100000000  0.366666667  0.466666667  0.400000000
[196]  0.250000000  0.066666667 -0.066666667 -0.166666667 -0.266666667
> plot(cv2, type="l")
>x

;


